0 484
0 2
0 572
1 14
1 531
1 2
1 302
1 544
2 466
3 56
3 215
3 602
3 314
3 367
3 543
4 77
4 287
5 137
5 455
5 497
233 466
233 496
7 80
7 299
7 484
8 341
8 336
8 58
8 248
10 78
10 205
10 200
10 138
11 205
11 120
11 140
12 217
12 28
12 149
12 580
12 435
12 23
13 279
15 376
91 205
91 545
17 437
17 87
17 466
17 37
19 344
19 137
19 444
744 595
744 205
744 240
20 489
20 460
20 483
20 49
156 426
156 68
21 290
21 66
24 466
25 58
26 65
26 593
26 470
26 118
26 33
26 21
27 58
27 37
972 531
972 66
29 100
29 497
29 547
30 356
30 521
30 336
31 479
34 137
34 338
35 299
35 286
35 163
35 149
35 190
35 491
36 75
36 137
37 482
37 132
37 217
37 466
37 58
37 66
40 562
40 466
40 77
226 440
226 497
234 381
234 137
234 493
234 58
43 214
43 137
43 58
44 85
44 37
45 526
45 137
45 403
853 66
853 260
186 338
186 101
47 137
47 367
47 190
891 137
891 173
891 217
891 431
803 65
51 137
51 531
51 217
51 201
51 431
51 410
54 466
54 66
1075 167
1075 217
1075 290
56 391
56 290
56 336
316 553
316 132
316 425
58 188
58 503
58 338
58 58
60 299
61 479
61 336
235 517
235 137
235 582
235 122
585 249
585 137
585 514
585 318
585 367
585 58
62 8
62 466
62 66
62 568
64 517
64 122
65 576
65 132
65 566
65 273
66 395
66 206
66 284
66 338
68 576
68 546
68 7
68 132
68 609
68 273
69 292
69 277
69 338
69 25
69 58
391 137
391 167
391 315
391 247
71 481
71 278
71 279
71 611
71 149
71 377
521 458
521 203
521 43
521 77
72 137
72 205
72 8
72 505
72 568
933 137
933 289
933 320
933 543
73 294
73 338
1014 137
1014 378
1014 217
1014 431
74 54
74 58
75 58
75 37
127 234
127 66
1104 576
1104 83
1104 132
1104 273
78 451
78 543
465 137
465 8
465 66
465 568
1010 87
1010 367
1010 306
82 78
82 113
82 431
83 205
83 331
83 66
84 403
85 205
85 2
85 199
86 378
86 250
86 132
86 217
86 431
87 415
87 205
87 544
88 137
88 437
88 592
89 75
89 137
90 484
90 94
90 191
90 483
90 122
16 190
16 58
93 383
93 226
93 37
94 466
94 66
94 568
95 466
95 91
95 66
96 137
96 403
97 149
97 580
97 68
99 348
99 484
99 540
100 282
100 137
100 87
100 66
101 196
101 331
101 58
101 2
101 23
102 137
102 205
102 544
104 87
105 12
105 360
105 245
106 210
106 83
106 104
106 403
107 214
107 516
107 29
107 132
107 566
107 352
108 359
108 531
108 64
109 171
109 272
204 299
204 167
242 181
242 198
242 66
629 99
629 196
629 77
112 484
112 433
363 457
363 58
363 2
113 381
113 66
113 77
113 473
113 152
645 78
645 571
645 592
645 30
652 195
652 87
652 466
652 91
652 37
117 482
117 483
117 122
117 468
117 207
118 5
118 87
1145 357
1145 87
1145 58
1145 504
120 78
120 442
120 431
120 41
120 410
120 138
121 312
121 249
121 181
121 484
121 209
678 608
678 132
678 101
123 482
123 466
123 200
123 138
124 479
124 304
125 184
125 205
128 210
128 444
128 336
128 543
129 440
129 497
130 335
249 29
249 531
249 201
249 431
249 572
132 537
132 132
132 466
133 137
133 22
133 217
133 290
133 403
134 137
134 466
134 66
136 205
136 544
137 260
137 37
139 72
139 318
139 540
139 490
140 592
1163 479
1163 137
1163 66
142 455
142 58
142 66
142 568
143 106
143 390
143 403
144 312
144 323
144 484
144 318
144 284
144 423
145 562
145 466
145 77
146 540
147 526
147 498
147 408
147 403
149 58
150 137
150 58
150 66
150 568
859 132
859 566
859 66
152 581
152 458
152 384
152 302
152 77
153 205
153 58
153 248
154 205
154 293
154 544
155 99
155 316
155 544
657 137
657 58
657 37
157 210
157 45
157 543
159 137
159 58
28 135
28 294
161 155
161 580
161 68
162 429
162 186
162 484
162 143
162 77
18 137
18 53
18 356
18 547
164 188
164 403
166 137
166 299
166 149
167 288
167 87
168 54
168 471
168 23
49 137
49 466
170 536
170 345
170 299
170 512
170 336
170 168
171 479
171 137
171 2
172 237
172 230
172 403
173 205
174 58
756 271
756 66
176 444
176 66
177 338
178 108
1132 484
1132 217
180 477
180 437
180 367
181 137
181 300
181 466
181 405
181 77
182 99
182 367
182 196
182 58
182 2
182 302
183 87
184 437
184 431
184 410
185 309
185 132
267 368
267 230
267 403
925 444
925 87
188 87
188 66
189 613
189 105
189 66
189 260
189 37
189 334
190 62
190 58
190 403
191 416
191 437
191 592
884 59
884 338
884 513
193 466
193 66
1129 338
194 137
194 58
194 403
195 576
195 516
195 132
195 566
195 273
196 378
196 205
196 448
197 479
197 137
197 453
197 87
197 466
197 254
198 585
198 138
198 254
199 484
67 595
67 158
67 386
67 441
1161 345
1161 299
1161 149
1161 66
203 105
203 37
473 356
473 336
290 466
206 184
206 205
206 436
207 391
207 167
207 50
207 290
207 138
208 229
208 165
878 246
878 116
878 167
878 578
661 444
661 521
661 542
661 336
661 66
661 24
213 65
213 66
141 587
141 338
141 25
214 261
214 48
214 58
215 301
215 87
216 585
216 137
216 37
216 410
55 371
55 15
55 143
218 484
219 65
219 613
219 105
219 87
219 331
219 37
1256 403
221 137
221 338
221 335
222 393
222 576
222 516
222 132
222 217
222 127
223 205
224 217
224 336
224 431
225 167
225 50
225 336
6 132
6 272
6 572
227 356
227 299
229 72
229 519
229 318
229 126
229 373
229 285
230 137
230 87
231 58
1250 16
1250 378
1250 169
1250 58
1250 468
1250 335
559 391
559 137
559 290
559 615
524 586
524 137
524 167
236 440
236 455
236 497
237 526
237 252
237 408
237 58
238 511
238 66
239 393
239 66
239 505
239 473
240 40
240 571
240 365
241 457
241 87
110 252
110 582
110 122
243 338
243 159
244 403
131 487
131 122
246 246
246 116
246 51
246 185
246 189
247 137
247 204
247 294
247 172
248 347
248 205
148 205
251 469
251 217
252 303
252 482
252 217
252 224
252 77
253 488
253 588
253 312
253 457
253 90
254 344
254 444
1091 497
1091 547
256 205
256 77
256 544
256 436
257 97
257 383
257 444
259 557
259 216
259 342
259 483
260 167
260 50
260 290
260 403
260 138
261 461
261 482
261 217
261 431
479 368
479 403
263 54
263 318
263 217
263 471
263 66
264 419
264 378
264 448
264 132
265 356
265 531
265 217
265 95
265 201
265 410
883 221
883 482
883 566
883 66
883 543
883 122
731 440
731 137
731 455
731 497
731 66
961 167
961 70
961 232
961 229
1271 613
1271 276
1271 105
1271 338
1271 468
269 554
269 95
269 336
269 431
269 410
269 401
270 75
270 202
481 190
481 403
298 540
274 137
274 8
274 568
915 8
915 66
915 568
276 555
276 479
276 356
276 531
276 201
276 281
277 585
277 282
277 426
277 200
277 66
278 137
278 531
886 137
886 444
886 87
886 66
281 585
281 137
281 107
281 365
281 535
281 401
205 98
205 587
282 203
282 137
282 221
282 482
282 132
282 367
283 497
283 547
357 57
357 137
357 516
357 482
357 132
1160 563
1160 421
1160 77
1160 456
372 432
372 66
372 568
217 337
217 587
217 613
217 444
217 390
217 572
286 182
286 444
286 403
286 543
286 24
287 91
287 592
1100 517
1100 457
1100 252
1100 122
288 440
288 455
288 497
394 75
394 66
1148 356
1148 299
291 587
291 36
291 376
292 167
292 290
293 516
293 132
293 566
294 137
294 23
295 484
295 94
295 191
296 59
296 188
296 513
454 57
454 103
454 256
454 516
454 484
454 238
888 116
888 167
827 32
827 318
827 403
273 65
273 315
300 137
300 66
300 122
301 309
301 378
301 132
303 137
303 531
303 217
303 201
303 431
304 87
305 576
305 546
305 132
305 273
306 403
1120 188
1120 390
309 241
309 338
309 534
310 59
310 188
310 338
310 513
490 403
314 137
314 8
314 66
314 568
315 234
315 66
317 341
317 137
318 299
318 528
320 510
320 507
320 466
321 576
321 132
321 566
321 273
322 137
322 254
1008 8
1008 66
1008 505
1008 568
324 66
325 77
325 335
326 580
326 68
327 477
327 137
327 367
327 520
327 607
327 543
328 457
328 205
59 437
59 77
59 37
329 87
1105 585
1105 234
1105 535
1105 66
1105 37
331 477
331 483
331 122
895 600
895 531
895 201
895 431
895 81
895 410
333 233
333 376
333 543
334 360
334 58
335 58
338 105
338 331
338 104
339 204
339 139
339 294
339 338
340 299
340 29
340 531
340 201
340 431
495 188
495 194
495 153
495 523
342 8
342 66
774 137
774 531
774 201
774 572
344 409
344 122
1109 249
1109 17
1109 283
1109 66
1109 568
346 324
346 137
346 8
346 66
347 234
347 254
348 485
348 1
348 325
348 362
348 77
48 59
48 188
48 513
350 205
350 544
351 440
351 308
351 419
351 351
351 466
351 509
983 119
983 66
983 568
63 78
63 205
63 592
284 137
284 77
358 608
358 134
358 101
359 614
359 452
359 86
359 338
359 412
360 78
360 571
360 592
361 595
361 158
361 386
361 217
361 66
832 2
832 77
832 568
92 463
92 464
92 87
364 344
364 182
364 444
364 424
364 87
354 137
354 482
354 132
354 217
354 566
354 66
854 75
854 66
367 137
367 66
367 568
368 385
368 15
368 143
582 105
582 331
582 260
687 367
687 365
687 200
687 58
371 137
371 484
285 484
285 204
285 294
285 572
554 66
554 23
374 137
374 205
374 544
376 484
376 433
502 137
502 516
502 482
502 132
378 484
378 338
378 31
379 439
379 373
380 78
380 205
380 77
380 138
382 137
382 91
382 66
382 592
383 137
383 576
383 132
383 217
383 566
383 273
384 341
384 66
385 78
385 372
385 531
385 618
386 449
386 5
386 87
386 306
386 504
387 368
387 132
387 566
387 104
387 574
387 178
388 517
388 122
389 234
389 66
694 437
694 87
694 466
694 91
694 260
694 37
390 482
390 66
81 517
81 122
825 484
825 367
825 338
393 519
393 600
393 318
393 566
393 338
393 58
395 386
395 217
395 162
396 20
396 163
396 369
396 528
397 58
398 132
398 566
907 378
907 132
400 66
400 254
401 585
401 536
401 531
401 431
401 37
401 410
402 58
403 254
404 65
404 324
405 188
405 194
405 66
406 66
406 152
599 58
599 66
409 335
410 137
410 115
410 254
411 576
411 132
1240 137
1240 149
1240 592
909 250
909 482
909 132
909 217
909 566
414 374
414 299
414 400
414 149
414 336
414 208
415 585
416 338
416 101
417 301
417 87
418 356
418 19
419 337
419 268
419 444
419 128
419 26
420 78
420 445
420 569
420 411
381 205
381 153
381 466
422 464
422 616
422 466
423 29
423 531
423 201
423 431
423 81
424 585
424 137
424 478
425 613
425 66
425 260
426 167
426 338
1067 484
1067 433
1067 338
427 137
427 8
427 66
427 568
428 137
428 331
429 403
430 132
430 66
431 75
431 137
431 58
432 479
432 137
433 560
433 205
433 448
433 77
1206 29
1206 531
1206 265
1206 201
1206 431
435 298
435 497
1141 446
1141 137
1141 167
437 290
437 403
438 66
438 77
33 367
33 66
440 137
440 205
440 544
441 75
441 205
442 77
442 287
443 205
443 37
444 356
444 299
445 350
445 1
445 558
445 91
445 77
702 338
702 2
702 335
447 249
447 576
447 309
447 132
447 273
447 473
448 137
448 360
449 376
449 290
449 594
450 58
451 341
451 22
451 91
451 66
451 568
452 511
514 540
297 237
297 130
297 290
297 403
455 367
455 66
456 78
456 457
456 541
456 569
456 262
457 23
457 77
458 137
458 8
458 66
458 138
459 517
459 252
459 24
459 122
460 299
460 426
462 522
462 393
462 137
462 326
462 545
462 473
463 356
870 87
870 331
870 91
870 66
158 585
158 543
158 260
468 234
468 512
468 66
468 544
469 484
469 58
469 267
469 328
469 468
470 484
470 433
471 585
471 137
471 217
471 66
471 431
471 410
472 605
472 339
472 340
38 188
38 444
38 338
474 205
474 120
475 403
476 591
476 364
476 240
476 120
476 255
476 322
477 562
477 466
1088 65
1088 137
1088 205
1088 287
1088 544
262 137
262 338
262 58
480 299
480 528
272 479
272 66
482 543
483 137
483 132
484 2
484 403
484 66
486 403
487 595
487 386
487 27
487 162
487 77
488 179
488 403
489 333
489 137
489 13
489 132
311 440
311 137
311 497
491 80
491 605
491 318
491 566
491 338
491 58
492 444
492 572
493 367
341 87
341 58
496 137
496 466
352 457
352 301
352 87
352 58
498 439
498 126
498 373
499 99
499 316
500 205
500 77
500 544
501 516
501 378
501 205
501 448
377 299
377 149
503 87
503 306
503 338
504 371
504 348
504 482
504 264
504 540
505 205
505 287
505 544
506 54
506 137
506 531
506 201
506 431
507 137
507 234
507 66
993 66
993 225
1267 557
1267 321
1267 46
1267 520
1267 483
1267 49
510 466
510 37
511 337
511 66
511 30
513 181
513 205
513 200
513 258
453 104
453 403
515 356
515 280
515 136
516 137
516 576
516 132
516 273
517 403
518 454
518 562
518 495
518 613
518 434
518 466
519 378
519 448
519 132
520 437
520 367
536 269
536 171
536 58
536 412
522 54
522 61
522 58
975 84
975 205
526 204
526 543
738 600
738 356
738 29
738 201
738 431
738 81
528 482
528 132
528 566
528 338
529 205
529 120
529 402
530 137
530 205
530 287
531 283
531 8
531 66
531 568
532 212
532 466
532 496
533 250
533 543
535 85
535 37
527 457
527 132
527 77
537 279
537 149
537 336
958 105
958 331
958 187
958 58
539 272
605 576
605 537
605 132
542 437
542 306
542 260
542 572
1266 137
1266 466
1266 254
926 585
926 66
544 137
544 205
544 335
545 87
545 2
163 497
169 140
169 592
547 299
547 185
547 484
547 466
547 338
549 205
674 167
674 131
551 484
551 538
552 137
552 466
553 366
553 559
553 99
553 44
553 497
553 529
555 341
555 356
555 10
555 521
555 93
555 138
556 68
556 193
557 132
557 217
557 466
557 572
720 65
720 179
593 137
593 435
593 66
560 479
560 137
560 58
561 205
561 544
562 237
562 230
563 576
563 318
563 132
563 566
563 58
564 15
564 484
564 101
564 55
565 399
566 477
566 368
566 318
566 403
567 78
567 66
567 592
568 240
568 462
568 123
568 68
570 137
570 115
570 8
570 603
570 66
570 254
571 464
571 616
571 217
571 466
571 30
794 324
794 8
794 568
573 357
573 87
573 58
574 137
574 149
574 580
819 479
819 58
576 393
576 473
175 149
175 426
578 318
578 403
578 572
1134 291
1134 124
1134 500
1134 257
1134 318
1134 403
580 78
580 442
580 431
580 410
581 137
581 66
614 137
614 493
614 58
614 403
583 75
583 66
584 268
584 20
584 149
584 106
584 63
955 431
586 205
586 66
586 77
586 544
587 54
587 272
588 484
588 139
588 58
589 87
589 403
589 504
590 431
590 401
591 383
591 205
591 331
591 403
592 393
592 299
592 473
1053 367
1053 104
1053 37
594 282
594 299
594 426
595 358
595 132
595 566
595 122
596 318
596 566
596 58
596 403
362 87
362 306
362 66
362 504
597 301
597 87
220 137
220 299
220 426
598 75
598 205
989 137
989 466
989 58
601 205
601 248
602 137
602 205
602 77
603 338
604 589
604 23
540 338
540 58
540 316
606 137
606 13
606 132
607 137
607 451
607 543
607 568
608 137
608 528
609 331
609 104
609 66
609 122
609 539
610 466
611 386
611 569
611 205
611 217
611 592
612 205
613 137
613 318
613 331
1074 188
1074 194
1074 66
615 519
615 338
616 440
616 455
616 497
617 578
617 528
617 598
619 122
619 37
619 556
332 344
332 78
332 356
332 205
620 205
620 248
621 383
621 180
621 204
621 132
621 66
621 543
622 65
622 248
1152 345
1152 356
1152 299
1152 521
79 290
79 403
1114 137
1114 466
626 51
626 315
626 290
626 242
626 189
626 548
289 324
289 137
289 66
1203 87
999 360
999 58
111 467
630 263
630 111
630 22
630 115
630 234
630 254
631 318
631 482
631 132
631 566
631 272
632 605
632 331
632 533
119 57
119 546
119 132
119 491
119 307
634 270
634 37
634 577
343 294
343 202
343 101
635 517
635 121
635 58
635 122
636 449
636 237
636 5
636 87
636 504
77 54
77 137
77 217
77 66
638 531
639 356
639 183
39 583
39 66
39 568
641 65
641 179
641 248
641 403
642 137
642 58
642 37
23 423
23 272
23 58
23 412
23 572
644 87
644 58
114 15
114 382
114 58
646 205
646 110
646 287
646 544
647 101
648 186
648 143
648 338
649 78
649 592
650 215
650 137
650 543
651 57
651 482
651 132
651 272
534 278
534 149
534 377
116 235
116 403
653 367
653 66
1165 368
1165 167
654 509
654 442
654 77
654 41
654 410
655 205
655 66
656 241
656 338
98 65
98 2
323 219
323 72
323 252
323 74
323 122
658 254
659 345
659 299
659 149
659 234
660 87
660 66
212 22
212 283
212 298
212 199
212 66
212 568
663 466
663 568
1168 137
1168 299
1168 149
1168 234
665 376
665 603
666 184
666 319
666 67
666 205
666 392
666 436
667 196
667 2
667 23
668 75
668 137
1169 170
1169 517
1169 210
1169 91
1169 49
949 576
949 482
949 132
949 566
266 531
266 38
266 217
266 201
266 39
266 37
670 457
670 309
670 491
670 338
670 540
671 318
671 403
672 54
672 58
672 2
673 137
673 403
299 137
299 87
675 137
675 37
676 367
676 433
676 417
122 444
122 318
679 199
679 66
679 568
681 522
681 338
681 403
681 544
336 137
336 403
683 87
683 66
684 137
684 378
684 132
684 2
685 137
685 58
686 553
686 259
686 132
165 516
165 132
688 367
688 58
689 65
690 479
691 217
691 466
692 132
693 62
693 137
693 202
693 403
837 181
837 367
837 258
695 140
695 336
962 376
962 37
697 13
697 431
697 410
697 401
698 477
698 368
698 318
698 403
699 324
699 34
699 66
1175 537
1175 217
1175 466
1175 509
701 585
701 565
701 137
446 403
703 559
703 11
703 398
703 363
703 88
704 479
704 137
704 258
704 66
705 484
1177 99
1177 316
707 137
707 205
707 531
707 150
1136 581
1136 77
625 2
709 567
709 510
710 360
711 338
711 66
711 431
126 137
126 367
712 417
713 239
713 35
713 596
713 305
713 277
713 570
714 338
714 335
715 62
715 58
715 403
716 175
716 466
716 414
716 201
716 66
716 431
718 299
718 167
718 338
719 463
719 58
719 37
558 137
558 205
558 466
721 576
721 132
722 368
722 137
722 403
349 600
349 484
349 132
723 167
723 290
723 403
724 65
724 58
725 137
725 265
726 330
726 185
726 580
727 78
727 205
727 428
727 397
727 140
727 544
728 530
728 431
728 41
729 47
729 180
729 66
729 543
729 456
730 137
730 272
759 217
759 431
759 401
759 254
627 75
627 66
732 78
732 299
732 336
732 497
733 15
733 229
733 66
734 210
734 367
734 104
735 188
735 338
735 58
736 457
736 140
737 444
624 519
624 137
624 258
624 66
740 389
740 132
741 576
741 132
741 425
741 161
742 137
742 37
745 75
745 137
745 367
746 391
746 299
746 300
746 50
747 378
747 482
747 466
749 137
749 403
749 122
750 137
750 37
751 576
751 132
752 484
752 315
752 433
752 338
753 132
753 473
754 595
754 213
754 42
754 77
754 396
754 71
755 22
755 234
755 66
1185 368
1185 403
525 167
757 580
757 68
758 137
758 87
758 338
1087 84
1087 457
1087 137
1087 482
1087 132
1087 566
760 205
760 545
761 466
762 188
986 549
986 2
986 23
986 302
986 77
763 357
763 466
763 91
764 344
764 444
765 519
765 318
765 403
813 344
813 444
813 482
813 66
1188 152
973 540
365 15
365 484
365 101
365 55
769 282
769 426
769 68
770 57
770 516
770 482
770 132
771 517
771 582
771 375
771 122
772 249
772 217
772 91
772 66
772 431
773 457
773 338
940 295
940 151
940 483
940 122
775 137
775 200
775 58
776 188
776 367
776 338
777 518
777 134
777 249
777 137
777 503
777 101
778 241
778 338
779 444
781 58
781 403
782 205
782 466
782 106
782 336
783 75
783 137
783 605
783 66
783 23
784 550
784 265
784 338
785 37
786 290
787 479
787 137
787 58
788 2
788 248
788 544
789 137
789 225
790 387
790 201
790 431
790 82
790 243
76 137
76 501
76 58
780 137
780 376
780 331
792 336
792 403
792 138
793 234
793 66
795 457
795 360
795 104
795 244
795 166
255 75
255 205
255 66
997 479
997 75
797 379
797 137
797 354
797 525
797 37
434 87
799 576
799 132
799 273
800 323
800 309
800 132
623 137
623 478
623 58
623 254
1041 378
1041 205
1041 448
1041 566
628 29
628 531
628 201
628 431
628 82
804 249
804 457
804 566
804 129
1051 440
1051 370
1051 497
1051 66
1051 77
806 137
806 437
806 58
806 37
807 258
807 545
1190 484
1190 433
1190 572
809 580
809 544
810 480
810 77
810 138
766 484
766 433
814 105
814 604
814 37
816 54
816 338
817 87
1125 378
1125 132
1125 217
1125 579
643 457
643 3
820 137
820 394
820 6
820 343
41 338
41 58
41 2
821 179
821 521
822 137
822 205
823 18
823 444
823 542
823 451
823 543
824 587
824 338
824 202
826 484
826 52
826 128
577 562
577 125
577 316
1040 341
1040 137
1040 77
828 516
828 132
829 137
829 376
829 66
829 543
830 66
831 479
831 331
831 58
831 2
831 23
356 102
356 299
356 109
833 309
833 132
833 617
1223 37
835 137
835 494
835 205
836 528
836 456
579 610
579 29
579 431
579 41
579 410
840 272
841 137
842 576
842 132
842 566
842 273
843 246
843 116
843 237
843 365
843 114
845 132
846 440
846 137
846 455
846 497
847 144
847 294
847 58
848 137
848 478
849 457
850 137
850 318
850 58
850 66
851 511
851 137
852 516
852 132
852 566
46 457
46 449
46 87
366 491
366 106
366 512
366 336
366 66
366 361
855 137
855 466
856 137
856 430
856 338
798 553
798 132
857 75
857 137
858 360
858 245
151 359
151 200
151 77
151 443
860 451
860 543
861 544
862 374
862 299
862 400
862 474
862 228
864 546
864 484
864 132
864 404
369 137
867 444
867 87
868 422
868 145
868 327
868 338
869 60
869 8
869 66
871 66
871 225
872 87
872 66
873 137
873 356
874 318
874 132
874 566
874 104
874 122
874 572
875 508
875 358
875 332
875 360
875 418
876 217
876 200
876 431
877 318
877 132
877 566
877 338
210 587
210 338
879 385
879 117
879 476
879 371
879 15
879 143
232 167
232 484
232 367
232 433
232 338
881 78
881 149
881 106
882 367
882 338
882 58
985 236
985 200
985 49
985 572
268 80
268 491
268 528
885 137
885 378
885 132
885 217
279 484
279 540
887 164
887 540
818 66
818 37
889 137
889 482
889 132
889 466
889 66
892 479
892 137
892 37
893 301
893 87
893 338
893 621
373 188
373 58
896 137
896 22
896 142
896 66
896 568
897 282
897 299
897 426
897 590
898 333
898 407
899 493
899 403
900 137
900 531
900 201
900 431
900 243
901 87
902 137
902 8
902 217
903 246
903 116
903 185
903 290
903 114
904 438
904 211
904 77
904 619
905 403
906 75
906 205
399 440
399 455
399 497
908 254
413 455
413 370
413 497
910 341
910 137
910 336
910 66
911 65
911 69
911 356
911 521
748 444
748 87
748 403
913 360
914 205
467 358
467 66
916 87
916 37
917 134
917 137
917 578
918 137
918 87
918 66
919 137
919 149
919 580
919 68
920 403
920 147
921 153
921 403
922 205
922 327
922 544
923 237
923 251
923 403
924 576
924 132
924 572
924 273
543 562
543 87
543 466
543 37
927 137
927 37
930 479
931 137
931 296
931 466
931 509
932 472
932 8
932 66
932 568
509 137
509 427
934 58
934 122
935 393
935 205
935 473
935 152
935 402
662 137
662 87
662 66
662 568
937 341
937 299
937 66
937 545
938 585
939 463
939 530
939 437
939 5
939 431
939 410
941 205
941 248
942 137
942 318
942 132
942 566
942 338
942 81
637 356
944 137
944 8
944 466
944 66
944 568
945 137
945 13
945 376
946 344
946 137
946 450
946 338
946 572
946 570
947 137
947 37
948 403
948 66
436 132
436 566
950 585
950 282
951 459
951 101
952 99
952 316
912 613
912 380
912 37
953 137
953 205
953 77
953 287
708 217
708 466
708 66
956 585
956 536
956 137
956 107
956 37
957 287
275 137
275 250
275 482
275 132
275 217
275 566
959 290
959 403
739 463
739 87
739 66
739 413
669 149
669 123
1218 137
1218 8
1218 58
1218 66
1218 568
963 188
963 367
963 403
965 376
965 132
967 466
968 437
968 37
969 531
969 217
969 201
969 431
969 81
970 278
970 441
970 205
970 377
970 77
971 37
974 179
974 521
976 65
976 299
976 521
977 148
977 258
977 66
978 87
1025 318
1025 338
1025 313
980 249
980 506
980 185
980 339
980 89
980 189
981 537
981 217
981 466
981 58
1221 466
1221 58
1221 2
984 249
984 457
984 137
984 569
984 240
485 222
485 66
987 103
987 601
987 484
987 433
988 137
988 466
1073 466
1073 37
600 137
600 87
600 572
990 341
990 205
990 66
936 338
991 220
991 528
991 49
992 592
994 149
994 123
160 65
160 565
160 521
160 275
995 511
995 580
996 378
996 318
996 132
996 35
996 566
796 299
796 336
796 431
998 137
998 254
1000 288
1000 200
1000 218
1000 465
1000 77
1001 585
1001 137
1002 457
1002 137
1002 576
1002 482
1002 132
1002 273
1003 137
1003 66
1003 568
1004 188
1006 341
1006 205
1090 217
1090 466
1090 66
1009 137
1009 200
1009 66
1009 138
1011 137
1011 521
1011 58
1011 248
1012 137
1012 466
1013 103
1013 229
1007 87
1007 66
1015 266
1015 37
1015 556
812 519
812 585
812 66
1017 271
1017 58
1018 137
1018 58
1019 65
1019 83
1019 29
1019 531
1019 201
1019 431
1077 336
1077 403
1021 137
1021 367
1022 137
1022 437
1022 37
1023 37
1024 237
1024 403
1026 76
1026 137
1026 403
1027 137
1027 66
1027 37
1029 137
1029 356
1029 466
1029 66
209 518
209 249
209 587
1031 309
1031 221
1031 484
1031 482
1031 132
1033 519
1033 299
1033 338
1231 484
1231 132
512 137
512 87
512 466
1037 356
1037 521
1037 512
1037 336
1037 168
1037 138
1038 137
1038 87
1038 37
1039 177
1039 205
1039 152
1042 576
1042 132
1042 273
50 479
50 75
50 587
50 367
50 466
50 66
1043 299
1043 502
1043 4
1043 551
1043 360
1043 336
1044 246
1044 167
1044 594
1230 576
1230 132
1230 425
1230 566
1230 273
1046 403
1047 338
1048 511
1048 299
1048 149
494 66
1050 170
1050 482
1050 132
1050 487
1050 483
1050 49
805 550
805 338
805 101
805 572
1154 457
1154 605
1154 139
1154 338
1054 122
1055 477
1055 368
1055 403
1056 599
1057 65
1057 137
1057 378
1057 482
1058 66
1058 138
1059 272
1061 237
1061 528
1061 572
392 341
392 205
1063 137
1063 362
1063 618
1063 200
1063 492
1064 576
1064 323
1064 482
1064 132
1064 217
1064 566
1065 346
1065 272
1066 532
1066 282
1066 336
1066 91
1066 592
187 104
187 336
187 66
187 231
1068 521
1068 336
1068 403
1069 137
1069 378
1069 205
1069 448
1069 436
1070 356
1071 57
1071 600
1071 516
1071 482
1071 132
1072 268
375 356
375 205
375 93
1242 341
1242 394
1242 205
1242 2
1242 302
1076 466
1076 572
1020 137
1020 437
1020 87
1020 234
1020 66
1078 479
1078 367
1078 58
1080 249
1080 87
1080 66
1080 96
1080 456
1081 137
1081 576
1081 132
1081 273
1082 149
1082 590
1083 66
1083 23
1083 122
1084 137
1084 205
1084 545
1085 237
1085 227
1085 316
1085 564
1086 184
1086 205
1086 436
1241 237
1241 290
1241 77
1092 137
1092 562
1092 466
1093 137
1093 484
1093 175
1094 553
1094 132
1095 479
1095 137
1095 482
330 587
330 79
330 384
330 552
330 338
1097 75
1097 133
1097 137
1099 66
1099 568
1079 9
1079 466
407 397
407 66
1102 484
1102 209
1102 483
1102 122
1103 458
1103 196
1103 2
1103 302
1103 77
271 249
271 205
1106 299
1106 50
1106 336
1106 66
1107 482
1107 132
1107 579
1108 466
1108 91
1108 66
1108 37
345 360
1110 137
1110 482
1110 566
1110 91
1110 66
1111 497
1111 403
1112 585
1112 299
1112 531
1112 336
1112 201
1112 431
370 388
370 205
370 512
370 336
1115 515
1115 137
1115 66
1116 345
1116 137
1116 299
1117 360
1117 418
863 479
863 466
1119 395
1119 600
1119 439
1119 132
1119 566
1119 81
337 486
337 182
337 87
337 566
337 254
1121 484
1122 511
1142 58
1142 122
1123 54
1123 112
1124 205
1124 466
1124 447
1124 329
1126 167
1126 290
1126 403
1030 383
1030 73
1128 550
1128 229
135 376
1130 179
1130 517
1130 582
1130 122
1131 85
1131 37
844 324
844 34
844 66
1133 597
1133 105
1133 524
1133 37
1034 137
1034 250
1034 217
1151 249
1151 200
1151 543
1135 137
1135 478
1135 87
1137 367
1137 338
1137 58
1138 137
1138 403
1139 371
1139 540
1016 137
1016 13
1016 376
1140 234
1140 66
541 466
541 66
541 37
1144 58
548 205
548 575
1147 98
1147 518
1147 101
1147 58
1147 197
1149 66
1150 205
1150 248
572 58
572 37
1153 565
1153 77
200 532
200 78
200 592
1155 407
1155 297
1156 338
1156 159
1157 475
1157 499
1157 338
1158 312
1158 484
1036 137
1036 376
202 132
202 566
202 58
1162 403
1260 466
1260 66
1164 466
307 406
307 29
307 531
307 336
307 201
307 431
1166 324
1166 8
1166 66
1167 32
1167 252
1167 122
664 188
664 503
664 338
801 205
801 99
801 77
801 316
523 395
523 439
523 66
1170 531
1170 217
1170 618
1171 338
1172 58
1172 2
1172 192
1173 571
1173 58
1174 301
1174 48
1174 87
700 301
700 87
1176 526
1176 493
1176 104
1176 403
706 8
706 66
1178 137
1178 132
1179 205
1179 122
1180 137
1180 444
1180 87
1181 403
1182 72
1182 576
1182 132
1182 156
1182 273
1183 437
1183 466
1183 37
743 569
743 205
466 137
466 132
466 58
1187 484
1187 315
1187 338
1187 543
767 587
767 338
979 299
979 426
979 336
1189 167
1189 50
1189 512
1189 336
1189 168
1189 590
894 531
894 217
894 618
808 241
808 338
808 274
1191 444
1191 24
1192 331
1192 403
1193 137
1193 587
1193 37
1194 290
1194 528
1194 49
1195 205
1195 448
1196 466
1196 66
1196 568
1197 299
1197 234
1197 66
1199 237
1199 444
1199 87
1199 543
1199 24
1200 482
1200 566
1200 66
1201 80
1201 576
1201 132
1201 265
1201 273
421 237
421 290
421 403
640 249
640 428
640 157
640 92
640 66
640 77
1204 518
1204 101
1118 612
1118 349
1118 129
1118 230
1118 403
1205 137
1205 87
1205 58
550 65
1207 188
1207 338
1208 457
1208 132
1210 587
1210 25
1211 458
1211 341
1211 72
1211 146
1211 199
1211 302
1212 205
1212 66
1213 84
1213 205
1214 98
1214 353
1214 58
1215 233
1215 602
1215 543
508 540
1216 87
1217 75
1217 205
1217 66
696 87
696 66
696 504
103 66
1219 479
1219 176
1219 274
1219 154
1219 160
1220 237
1220 403
1220 66
982 75
982 66
1222 58
1222 2
834 78
834 205
834 592
1225 137
1225 478
1225 254
1226 97
1226 355
1226 587
1226 141
1226 229
1227 214
1227 205
1228 137
1228 132
1229 324
1229 299
1229 8
1229 66
1045 137
1045 58
1035 75
1035 137
1232 137
1232 338
1232 274
1233 409
1233 122
1234 58
1234 2
1052 573
1052 37
1236 258
1237 311
1237 483
1237 49
1238 170
1238 612
1238 457
1238 166
1239 253
1239 420
1239 91
1239 66
1239 37
412 310
412 205
412 338
412 606
412 58
412 592
633 204
633 543
1243 437
1243 592
1244 122
1245 200
1245 66
1246 137
1246 254
1247 132
1247 566
1247 338
1247 122
1248 37
1249 67
1249 205
1249 338
1049 58
1049 77
1251 463
1251 306
1251 338
1252 299
1252 149
1253 440
1253 22
1253 370
1253 66
1253 568
1254 223
1254 129
1254 331
1254 584
1255 8
1255 66
32 261
32 120
32 199
32 66
32 174
1257 484
1257 483
1257 122
1258 58
1259 15
1259 546
1259 132
1262 137
1262 8
1262 66
1263 561
1263 181
1263 258
1264 540
1265 333
1265 132
618 527
618 132
618 317
618 473
1268 85
1268 260
1268 37
1269 576
1269 132
1269 425
1269 572
1269 273
1270 249
1270 211
1270 501
1270 190
1270 620
1270 336
