0 38 0.934
1 29 0.142966245945
1 67 0.100433585683
1 0 0.094599910392
2 27 0.577252262328
2 93 0.210774832245
2 17 0.163472905427
3 47 0.334966242522
3 59 0.195778242711
3 89 0.137764451403
4 41 0.61405655062
4 57 0.324455043865
4 71 0.0280401296522
5 54 0.894667493387
5 58 0.0476854477891
233 70 0.456696876907
233 2 0.0992372954076
233 72 0.0856839486476
7 98 0.731382875219
7 68 0.0653533174564
7 30 0.0518045736612
8 42 0.303409370179
8 51 0.182298426871
8 68 0.0835005718606
10 83 0.630363422359
10 59 0.140301329116
10 18 0.11513577085
11 45 0.728501651271
11 65 0.109891868962
11 34 0.0780539408976
12 18 0.398440964131
12 59 0.0772522141854
12 7 0.0653089757768
13 98 0.382732405403
13 40 0.134422944604
13 72 0.10793255102
15 94 0.609473972744
15 57 0.242502604326
15 19 0.105849509887
91 66 0.592848969439
91 57 0.32524799428
91 17 0.0525090968871
17 42 0.904832260923
17 85 0.0339177390771
19 18 0.609982995339
19 57 0.114460278062
19 4 0.0744706310657
744 41 0.264510122448
744 29 0.129894754209
744 93 0.100899432729
20 78 0.727623432268
20 57 0.164553748132
20 70 0.0351445896709
156 24 0.390515127034
156 57 0.341417562056
156 72 0.173754392478
21 93 0.481669791713
21 73 0.125207237876
21 42 0.0942920413933
24 37 0.830714270815
24 50 0.0623072520611
24 80 0.0525756359581
25 22 0.43709320399
25 19 0.157954287145
25 86 0.118584114245
26 60 0.415439540653
26 63 0.185324172919
26 88 0.110569636159
27 67 0.341358956596
27 16 0.105668690069
27 57 0.0833181591526
972 44 0.240497081449
972 57 0.207427056375
972 42 0.0898977311185
29 66 0.67604350812
29 99 0.120222812318
29 3 0.100169326038
30 42 0.726828792698
30 29 0.0750908459319
30 67 0.0703064094323
31 41 0.867278450367
31 34 0.0627215496326
34 49 0.820700699099
34 98 0.113965967568
35 42 0.720388858717
35 96 0.0714866793829
35 13 0.0595317131133
36 50 0.791716155948
36 57 0.169083844052
37 57 0.295049838799
37 59 0.163687743579
37 40 0.0854894808179
40 7 0.363822637024
40 93 0.231889483402
40 42 0.0888928698793
226 58 0.289722965725
226 7 0.118610484685
226 42 0.108659057372
234 59 0.75675321011
234 73 0.0763834893512
234 62 0.0552065873397
43 20 0.332716996825
43 93 0.209217463094
43 42 0.113026677615
44 45 0.700072851185
44 57 0.24548270437
45 57 0.164672248535
45 76 0.0725722224512
45 11 0.063083136104
853 39 0.212775214897
853 11 0.151029268268
853 57 0.125680615888
186 17 0.494560118177
186 72 0.13755936663
186 49 0.0944041428783
47 66 0.456357417817
47 69 0.204100575052
47 57 0.134959091701
891 40 0.59669165376
891 4 0.135799126869
891 2 0.118016593031
803 61 0.629185580386
803 19 0.191216078814
803 42 0.124599961008
51 34 0.603147723394
51 72 0.26739301368
51 57 0.0921515706183
54 57 0.298116636084
54 16 0.193267829936
54 25 0.133124278165
1075 98 0.333077814
1075 57 0.270235880724
1075 2 0.161551672838
56 0 0.767201966702
56 57 0.181219085929
316 34 0.617162792669
316 69 0.134631533901
316 2 0.105429007504
58 79 0.694658201466
58 57 0.22995718315
60 59 0.426086741027
60 57 0.100119741132
60 42 0.0794571618218
61 48 0.362137341836
61 88 0.155865848019
61 59 0.144446093136
235 21 0.484743525217
235 59 0.154521108459
235 32 0.108155893164
585 92 0.845247083773
585 49 0.0971058574033
62 66 0.747268532867
62 11 0.0845054887351
62 40 0.0661758271803
64 97 0.436980043526
64 68 0.0637449146257
64 42 0.0598432981259
65 4 0.626580882996
65 72 0.202730601234
65 17 0.0826053420139
66 42 0.570510649719
66 57 0.183627666567
66 94 0.0764582449417
68 72 0.674004836885
68 10 0.0902538157264
68 19 0.0473915352374
69 11 0.285459262928
69 29 0.232598340978
69 47 0.122440692097
391 11 0.54780826962
391 49 0.367670380651
391 15 0.0551274103355
71 36 0.575974628635
71 99 0.144627529085
71 54 0.136506641529
521 57 0.138478197032
521 35 0.123665305511
521 89 0.103972757352
72 71 0.837788174902
72 45 0.113211825098
933 54 0.670111864073
933 57 0.287279440275
73 57 0.299757306252
73 74 0.198928534266
73 59 0.155514499574
1014 48 0.476760746033
1014 11 0.391099087117
1014 32 0.0481856620801
74 86 0.9175
75 27 0.658908698473
75 19 0.286646857082
127 43 0.287234794498
127 72 0.142685891024
127 49 0.121290969922
1104 53 0.789612058392
1104 93 0.0943859725987
1104 69 0.0786942767017
78 39 0.639522305229
78 42 0.14515479383
78 11 0.140707516326
465 83 0.542379768722
465 27 0.150818866589
465 11 0.0791851998757
1010 31 0.349914175808
1010 57 0.108051289895
1010 82 0.103391775179
82 94 0.50841044998
82 57 0.106245692618
82 89 0.0900172412549
83 22 0.367446484644
83 57 0.341460402658
83 99 0.0725345217807
84 63 0.830853132189
84 59 0.107896867695
85 84 0.319680380791
85 57 0.131861394574
85 71 0.0870836464081
86 11 0.594906904394
86 96 0.113324129345
86 30 0.0933930114999
87 98 0.861597025727
87 59 0.104609870825
88 4 0.883885275652
88 57 0.0645357769792
89 73 0.69990712783
89 57 0.198125397841
89 88 0.0557769981382
90 37 0.849691476221
90 22 0.0890585237789
16 57 0.908782468824
16 19 0.0462694692239
16 34 0.0238611054303
93 36 0.767483809363
93 42 0.15084952397
94 7 0.590554227362
94 57 0.232034480112
94 60 0.0756923153546
95 16 0.541515965724
95 67 0.209758630216
95 57 0.171498746024
96 1 0.740817408901
96 49 0.158445740994
96 42 0.0585629370618
97 47 0.718441703134
97 59 0.216224963533
99 73 0.802239412751
99 50 0.103831366031
99 13 0.0426757805856
100 80 0.588552159039
100 57 0.249834240563
100 32 0.0853321333037
101 98 0.688895536162
101 34 0.076919877243
101 67 0.0640169092821
102 96 0.630632587377
102 42 0.19085334414
102 69 0.0820865001129
104 94 0.515814042284
104 57 0.207582179293
104 61 0.150855437938
105 31 0.343950046566
105 57 0.322224779974
105 16 0.112946198122
106 34 0.509322390753
106 57 0.272135391607
106 47 0.104911710966
107 34 0.941764705882
108 95 0.592828001405
108 72 0.155739823082
108 63 0.152697776579
109 92 0.929285713979
204 71 0.550457726125
204 42 0.19358841912
204 19 0.117494305783
242 29 0.469420197491
242 32 0.178302880391
242 59 0.121635473826
629 76 0.662762487933
629 57 0.225538859505
629 50 0.0793653192285
112 76 0.601227111414
112 42 0.137473139179
112 72 0.116060830846
363 74 0.700147181541
363 72 0.257244122807
113 93 0.956956521739
645 54 0.552723090931
645 67 0.139959528515
645 57 0.0820997533031
652 41 0.887849626737
652 16 0.0468170399292
117 78 0.574472057937
117 59 0.134845604038
117 57 0.0802892063786
118 92 0.621504415061
118 57 0.27973455631
118 71 0.0583443619623
1145 69 0.604784380871
1145 57 0.205242574723
1145 13 0.0559151371656
120 59 0.280362181332
120 50 0.230657521861
120 72 0.123728587338
121 94 0.382526362708
121 92 0.0877029049577
121 52 0.0788657815346
678 93 0.663779809968
678 4 0.099180856789
678 98 0.0841412771181
123 34 0.788178117487
123 55 0.170988549179
124 9 0.607506176687
124 57 0.245714053605
124 34 0.0578713755805
125 42 0.491728996406
125 79 0.128157120769
125 2 0.12198305969
128 45 0.744533404926
128 29 0.136827451487
128 18 0.0641051803721
129 17 0.670757751752
129 57 0.226747874787
129 11 0.0563038972704
130 95 0.89
249 22 0.522611281708
249 57 0.342062912489
249 94 0.0587802719994
132 6 0.500453372258
132 93 0.181993937116
132 21 0.0627673687246
133 3 0.442256555779
133 59 0.148156360389
133 4 0.14656459414
134 93 0.681103783244
134 57 0.131795162034
134 72 0.0862335701756
136 58 0.693007371677
136 57 0.218150057821
136 4 0.0515348781945
137 57 0.9505
139 81 0.282632017791
139 47 0.144853403127
139 30 0.121648218916
140 42 0.901
1163 79 0.357994915876
1163 87 0.176894232427
1163 57 0.13572781121
142 42 0.784867433655
142 89 0.147764193369
142 72 0.0404239285314
143 76 0.473992464286
143 49 0.137494561383
143 57 0.13681143028
144 46 0.363371736621
144 57 0.177610938234
144 87 0.118062302781
145 7 0.838976705959
145 72 0.0801367674871
145 80 0.0485531932208
146 38 0.67555795001
146 11 0.121583621952
146 89 0.0742445814807
147 82 0.503657483825
147 71 0.0997802711067
147 65 0.096187991754
149 57 0.886386853778
149 59 0.0665090725568
149 19 0.0260171171434
150 3 0.368639070611
150 42 0.254787666666
150 63 0.117770317647
859 40 0.8407120157
859 59 0.0892879843002
152 51 0.539955835537
152 21 0.149090068013
152 49 0.099263409481
153 47 0.701293373001
153 93 0.209615717908
154 58 0.638173518405
154 32 0.127019169456
154 4 0.0969042255253
155 31 0.600398597424
155 4 0.079104167091
155 18 0.0660370703186
657 60 0.309554018177
657 42 0.177480435519
657 19 0.110805229709
157 12 0.70003107976
157 57 0.253302253574
159 93 0.947894736842
28 33 0.802
161 71 0.48176656251
161 57 0.111715947033
161 93 0.107505345289
162 63 0.91748089171
162 91 0.0399104126373
18 62 0.42174748952
18 50 0.201168600157
18 57 0.175857889341
164 71 0.488580001553
164 57 0.288044357224
164 4 0.123627601461
166 15 0.480060828176
166 49 0.298320875798
166 42 0.165064738935
167 8 0.566142132143
167 72 0.118759989265
167 67 0.0576185589773
168 47 0.952857142857
49 76 0.280792076738
49 35 0.154311520042
49 94 0.0798570920097
170 35 0.744856957256
170 73 0.19749598392
171 24 0.72522338634
171 49 0.15227661366
172 11 0.208252011638
172 82 0.151249711661
172 42 0.135489813037
173 41 0.835
174 52 0.722421043912
174 47 0.207578956088
756 67 0.561885160106
756 11 0.13456195219
756 50 0.0835954728869
176 28 0.426705640188
176 71 0.197159579131
176 82 0.121470587071
177 90 0.513081457327
177 19 0.0764547627318
177 72 0.0658438311231
178 72 0.897669936224
178 57 0.0429211582308
178 2 0.0308794937803
1132 5 0.390559402658
1132 72 0.15495722617
1132 22 0.128947309787
180 61 0.434322719133
180 19 0.146285296612
180 59 0.140731775229
181 22 0.775433471576
181 83 0.0981013045185
181 16 0.0694064003757
182 34 0.531031832471
182 57 0.14098515635
182 89 0.0700907312084
183 56 0.345809037649
183 57 0.168029563126
183 13 0.156149978012
184 15 0.901
185 93 0.893392258883
185 63 0.0453577411168
267 8 0.524312825933
267 57 0.437994866067
925 94 0.721693262247
925 79 0.122816382678
925 86 0.118182662768
188 55 0.510557961505
188 98 0.206569910089
188 42 0.187713449502
189 36 0.423937791241
189 57 0.127192618879
189 16 0.123461949884
190 90 0.199433370973
190 57 0.148037509555
190 17 0.106908906944
191 2 0.901
884 75 0.390492687455
884 57 0.26712253956
884 89 0.0867703587692
193 2 0.373576489638
193 57 0.272181178678
193 67 0.0923059766636
1129 47 0.967
194 2 0.726450032279
194 42 0.203549967721
195 57 0.387637198137
195 88 0.178371770118
195 34 0.17141878469
196 62 0.480186778748
196 47 0.151351636065
196 57 0.14968908903
197 19 0.929285714286
198 4 0.278884845184
198 57 0.129586686872
198 61 0.117521634004
199 80 0.404162192516
199 57 0.198745112593
199 39 0.0558620653958
67 3 0.276279537722
67 32 0.216177918505
67 59 0.184203486508
1161 28 0.429854211072
1161 57 0.238022038619
1161 7 0.13312566235
203 51 0.682333746037
203 57 0.109162526798
203 59 0.0637878647997
473 45 0.387327116596
473 57 0.303255570098
473 59 0.12978823209
290 74 0.522611918735
290 57 0.285055787391
290 4 0.123046579588
206 16 0.746428839772
206 57 0.109642097345
206 71 0.0595275971702
207 57 0.602307353878
207 32 0.150876932948
207 0 0.10761203262
208 18 0.723698858366
208 42 0.191124004723
208 36 0.0410862278201
878 0 0.569188149803
878 57 0.100055204238
878 97 0.0777857544503
661 99 0.617433845163
661 57 0.147142549854
661 22 0.0841457075994
213 31 0.812286494368
213 32 0.126463505632
141 11 0.846909177679
141 57 0.0753833342147
141 51 0.0403997957984
214 59 0.43282023748
214 71 0.0981798351981
214 8 0.0905706604538
215 1 0.639871660007
215 57 0.31929500666
216 40 0.345080138631
216 69 0.196364417488
216 61 0.115436010356
55 6 0.421151278222
55 57 0.185018750928
55 59 0.117730248659
218 39 0.738814046099
218 87 0.0830674462327
218 86 0.0698636623101
219 30 0.688466753509
219 19 0.100155919513
219 29 0.0975333008783
1256 83 0.965862068964
221 57 0.642979713162
221 75 0.30544133947
222 17 0.38642353457
222 57 0.156898118612
222 92 0.0905007697412
223 62 0.537227675472
223 42 0.111392679862
223 57 0.10296040505
224 22 0.367128007141
224 57 0.19209605829
224 17 0.107733977514
225 40 0.365835843856
225 57 0.309745231124
225 0 0.139045777385
6 57 0.538812873636
6 2 0.0915742738761
6 82 0.0848856598624
227 42 0.481192454898
227 51 0.379256919862
227 43 0.054717857375
229 94 0.358931875256
229 88 0.131954852067
229 13 0.0669158724889
230 42 0.8956936734
230 58 0.0461805957932
230 94 0.0159518177638
231 51 0.712807648435
231 42 0.211807736181
1250 36 0.469212221121
1250 57 0.286444677356
1250 59 0.0482891461795
559 6 0.444029300066
559 57 0.130742075834
559 42 0.0779359438131
524 29 0.855303441293
524 42 0.0931176113388
236 4 0.758662780628
236 57 0.171337219372
237 59 0.70355606212
237 57 0.191159577356
237 19 0.066484360524
238 41 0.664109261734
238 57 0.148270170421
238 69 0.0794958434759
239 82 0.778260509412
239 57 0.172739490588
240 25 0.805316630168
240 69 0.054683369832
241 92 0.462022031784
241 57 0.222048426584
241 61 0.135826832087
110 56 0.685076604346
110 32 0.115237639902
110 41 0.0518955521742
243 27 0.71074795373
243 49 0.207585379604
244 87 0.705932764578
244 35 0.100018386738
244 11 0.057846757775
131 93 0.773752265766
131 57 0.0920304314691
131 21 0.0458450251969
246 55 0.584977734781
246 71 0.0787289088919
246 4 0.0640768284546
247 49 0.891711428529
247 15 0.0296876746136
247 32 0.0267422878001
248 82 0.392877515994
248 72 0.175257400027
248 42 0.153024976459
148 12 0.898543895483
148 61 0.0676630010684
251 55 0.680766964623
251 72 0.128107477831
251 83 0.116427459422
252 51 0.614254907083
252 59 0.123310968679
252 54 0.0800498481533
253 20 0.538109085261
253 57 0.133538530276
253 63 0.125351261446
254 18 0.406413037494
254 57 0.186524040116
254 49 0.173105195273
1091 49 0.965862068966
256 65 0.38871518765
256 2 0.128312108366
256 57 0.112219279499
257 13 0.679883780837
257 88 0.0743817134379
257 5 0.0702141399387
259 59 0.774527483019
259 57 0.173893569613
260 43 0.558073547086
260 29 0.153211588631
260 54 0.0743539182299
261 87 0.391784595192
261 61 0.205450928332
261 57 0.146630032021
479 72 0.802212431215
479 49 0.102631034598
479 8 0.0563565341873
263 59 0.811849064604
263 36 0.0730323155892
263 68 0.0729447067633
264 16 0.889156255
264 7 0.053899092252
264 78 0.0300002083034
265 21 0.663648494672
265 94 0.134921758046
265 22 0.109839308757
883 41 0.475480221159
883 57 0.102890160652
883 67 0.0931052478016
731 68 0.434876607244
731 63 0.101254418532
731 57 0.0830894504499
961 84 0.781411836605
961 19 0.104265745938
961 82 0.0632697858779
1271 32 0.587335582587
1271 57 0.356299139174
1271 25 0.0204393523131
269 21 0.695043447061
269 49 0.143034590569
269 17 0.102015632857
270 36 0.609199785535
270 57 0.248866812228
270 49 0.109600068903
481 13 0.691621993646
481 42 0.199489117465
298 79 0.522826891708
298 11 0.242738328656
298 59 0.157102713435
274 13 0.642111883795
274 63 0.210325129275
274 42 0.0889968129262
915 17 0.443272978921
915 86 0.180080603053
915 59 0.175599139277
276 87 0.421854709738
276 59 0.166895975218
276 57 0.125915213078
277 34 0.418798017023
277 69 0.124612763944
277 72 0.074322337427
278 98 0.773101798701
278 69 0.182352746753
886 79 0.536666277013
886 69 0.0897363832069
886 57 0.0740893087375
281 76 0.454171801718
281 71 0.098840986003
281 63 0.0648812764197
205 55 0.857820215512
205 87 0.0624212206315
205 18 0.0424508715487
282 34 0.419165518524
282 57 0.202768398198
282 11 0.124909315879
283 11 0.716667172151
283 57 0.194241918758
357 39 0.87625
1160 74 0.433895812999
1160 59 0.154268493533
1160 69 0.0835279787932
372 31 0.4706022926
372 42 0.142407119631
372 57 0.0740945269326
217 78 0.80052052956
217 19 0.0891763049294
217 42 0.0438028495117
286 41 0.513622234572
286 57 0.203957368272
286 54 0.0521853322308
287 32 0.909093010562
287 77 0.0393280420692
1100 2 0.471452860636
1100 57 0.214852547822
1100 50 0.0745211401474
288 11 0.725186133423
288 42 0.204771163233
288 57 0.0369499655488
394 57 0.328839759167
394 37 0.259842835103
394 59 0.141338039206
1148 42 0.968064516128
291 93 0.451390352224
291 59 0.076767124935
291 86 0.0601194911136
292 80 0.84344034028
292 93 0.122766556272
293 49 0.566988756766
293 39 0.133518975481
293 0 0.0841544946802
294 57 0.541581062777
294 67 0.114435575726
294 71 0.096381765553
295 35 0.569503378112
295 57 0.226066117115
295 47 0.0747750841154
296 86 0.9175
454 32 0.475802634879
454 49 0.095338589794
454 72 0.0949694330407
888 97 0.9505
827 88 0.496623396947
827 57 0.355440033621
827 72 0.0696566341397
273 26 0.624671018389
273 49 0.137894873995
273 59 0.0903343203051
300 85 0.605505402791
300 50 0.12126933805
300 17 0.114679337378
301 56 0.530965190546
301 93 0.16075031347
301 57 0.123803751897
303 19 0.456762056111
303 89 0.172717212959
303 57 0.0795137630964
304 44 0.637571988656
304 42 0.128661619907
304 11 0.100323571402
305 90 0.642124085788
305 72 0.197050215502
305 16 0.0600645252752
306 82 0.927369722147
306 42 0.0317969445193
1120 98 0.850745868755
1120 32 0.122767644758
309 57 0.526014335611
309 15 0.419541219945
310 31 0.941764705882
490 57 0.555853941791
490 32 0.0684258953221
490 47 0.0609193128393
314 27 0.733247529042
314 72 0.132745663317
314 88 0.0801179187527
315 99 0.650401295211
315 59 0.244845743038
315 62 0.0585624855607
317 94 0.740261870174
317 59 0.202091071002
318 42 0.132890616704
318 70 0.110348607938
318 72 0.0847819163388
320 46 0.538554446064
320 57 0.241989139152
320 67 0.17728250174
321 78 0.578757069523
321 72 0.239932857606
321 90 0.0472899825806
322 65 0.505377968877
322 72 0.125409870243
322 32 0.0601624768829
1008 35 0.719502989938
1008 92 0.115207847931
1008 45 0.0650588845852
324 69 0.874500897157
324 42 0.0928324361764
325 12 0.437867274654
325 57 0.215114826761
325 32 0.118222140047
326 50 0.572156158792
326 2 0.115804454905
326 4 0.113257864339
327 19 0.550640184376
327 29 0.0990061253686
327 59 0.0775227174532
328 0 0.835915684483
328 57 0.0665630087594
328 53 0.0553473937146
59 16 0.769152902015
59 42 0.0760675211869
59 57 0.0755548765027
329 74 0.33237862577
329 68 0.165999026154
329 42 0.114118743527
1105 88 0.800165608772
1105 54 0.100784177717
1105 17 0.0631242875851
331 42 0.513273302933
331 57 0.183040447269
331 78 0.143798406293
895 55 0.473743144845
895 59 0.234978348695
895 46 0.120030999412
333 90 0.376070641392
333 57 0.177196499913
333 0 0.0578938691105
334 23 0.552990694226
334 51 0.206572454457
334 16 0.0639485716608
335 86 0.629906624402
335 42 0.126690605938
335 19 0.0869959844501
338 88 0.529428436133
338 57 0.350074686802
338 92 0.0607064220739
339 26 0.566074572205
339 98 0.193229885525
339 68 0.0652583815872
340 74 0.479050498364
340 72 0.149570004948
340 86 0.0951583136837
495 17 0.618151334864
495 57 0.207030445926
495 41 0.0527039806599
342 83 0.787952887687
342 57 0.160468164945
774 63 0.84226444975
774 50 0.057601588822
774 49 0.0366471577231
344 78 0.799066719702
344 37 0.0923452706884
344 87 0.039402084148
1109 28 0.764339973086
1109 90 0.165660026914
346 50 0.821680248436
346 68 0.0938364424475
346 62 0.0423093960726
347 49 0.811980237081
347 57 0.095158782939
347 61 0.0332979768982
348 88 0.539242767
348 57 0.205578995055
348 38 0.0779098822206
48 91 0.558837234976
48 90 0.264110710909
48 65 0.0800520541143
350 29 0.938125
351 46 0.449495986428
351 57 0.10075108955
351 73 0.0615298725734
983 48 0.217903612885
983 63 0.171175454267
983 92 0.143525053907
63 8 0.552315662587
63 54 0.188420031698
63 59 0.101728810336
284 7 0.553379832564
284 49 0.200910243608
284 72 0.0900435953207
358 67 0.926615935
358 65 0.0453840649996
359 80 0.49656983907
359 57 0.146094559387
359 59 0.134984305171
360 9 0.627734241778
360 57 0.251871537406
360 21 0.0579409462372
361 32 0.5520764061
361 54 0.185588344524
361 59 0.135896236479
832 63 0.872910715966
832 41 0.0492568169399
832 77 0.0316419909038
92 3 0.492289131217
92 71 0.130897709419
92 59 0.127469538962
364 65 0.361389132115
364 57 0.297997111388
364 54 0.104216180008
354 81 0.775958741414
354 29 0.181432562933
854 97 0.55910812882
854 93 0.165896330984
854 49 0.129996584679
367 83 0.151542229658
367 57 0.129550427642
367 42 0.126387819617
368 8 0.708603977134
368 29 0.115635691778
368 19 0.0727190093827
582 92 0.58009555078
582 57 0.202863200009
582 69 0.0810215807153
687 54 0.672391525486
687 57 0.125423003638
687 13 0.0598366533442
1113 92 0.876249999989
371 89 0.630540985055
371 73 0.130759740064
371 56 0.0924841168836
285 94 0.76300298393
285 72 0.196163682737
554 47 0.860018668218
554 57 0.0909813317818
374 60 0.58773362542
374 58 0.179091517659
374 42 0.153725763583
376 87 0.697196952743
376 72 0.0620199486115
376 57 0.0512931425453
502 52 0.598172718038
502 59 0.215232719987
502 39 0.146177895308
378 68 0.358970921039
378 57 0.145807751154
378 42 0.115784028693
379 21 0.428650676133
379 47 0.1614051444
379 92 0.134753933579
380 17 0.542794808534
380 29 0.0768408953437
380 32 0.0655764364231
382 57 0.901
383 51 0.713365697482
383 69 0.110549364754
383 49 0.0670263023887
384 23 0.306987926833
384 86 0.074824125087
384 49 0.0602195041146
385 18 0.476284263358
385 50 0.288484643417
385 69 0.108855719036
386 96 0.766149924646
386 49 0.119311959735
386 13 0.0822047822856
387 55 0.398686480864
387 57 0.10937046405
387 88 0.101511839957
388 57 0.271536979283
388 2 0.108129273054
388 56 0.0831201825687
389 86 0.929285714286
694 82 0.468293077444
694 4 0.129078204704
694 54 0.104129272596
390 19 0.764901795575
390 57 0.192489508773
81 67 0.613207372498
81 17 0.17756345543
81 56 0.117046218099
825 4 0.70777871594
825 87 0.178664796608
825 94 0.0673660112611
393 33 0.666399091259
393 86 0.113069680911
393 49 0.103507036834
395 53 0.505210676756
395 90 0.218294118444
395 72 0.11517890246
396 61 0.635008721826
396 63 0.0599085503356
396 90 0.0462568895922
397 37 0.670662587246
397 47 0.189337412754
398 65 0.346841297072
398 34 0.16084045643
398 72 0.115950195635
907 66 0.181924799061
907 11 0.163292108814
907 69 0.146782037613
400 66 0.681813988507
400 88 0.198683582531
400 50 0.0470987855432
401 20 0.309351468879
401 49 0.11404249217
401 72 0.0746487590253
402 57 0.406666543992
402 71 0.179681955602
402 85 0.157140112052
404 7 0.286593881414
404 57 0.140544114874
404 29 0.123451966285
405 63 0.447559411415
405 32 0.3083847406
405 57 0.112952431737
406 7 0.487992934303
406 57 0.143883703471
406 59 0.123493139524
599 88 0.467199426451
599 57 0.325112724723
599 86 0.0876334039909
409 65 0.163130043565
409 39 0.135852128065
409 34 0.1199151137
410 56 0.646849574623
410 87 0.204898250424
410 69 0.0736367903369
411 88 0.728722111052
411 47 0.0877458540736
411 31 0.0800856175449
1240 72 0.833075662258
1240 86 0.0598547845206
1240 50 0.048207902664
909 1 0.425693504652
909 59 0.201937583935
909 50 0.191369357241
414 78 0.832977629173
414 54 0.0960934462515
414 46 0.0321289245759
415 34 0.535621832776
415 72 0.210018960369
415 4 0.0894793735561
416 58 0.447806026763
416 57 0.219246689647
416 86 0.0877868996922
417 4 0.649485440372
417 57 0.213465549452
417 19 0.111522694386
418 54 0.477393920839
418 72 0.0877431359357
418 74 0.0711297653172
419 64 0.9175
420 35 0.661659495141
420 57 0.177770431027
420 83 0.0562635970987
381 87 0.89
422 72 0.784239227218
422 7 0.179464476486
423 59 0.427319864799
423 50 0.203021599972
423 72 0.0790028862668
424 61 0.749835800907
424 49 0.108263138009
424 47 0.0672856764687
425 88 0.885713265154
425 19 0.0627077874777
426 5 0.893073054926
426 88 0.0602602784045
1067 64 0.443992473402
1067 57 0.256953080752
1067 59 0.1267663223
427 49 0.676458481545
427 59 0.214652629566
428 57 0.929285714286
429 42 0.739771044545
429 56 0.0975504376761
429 98 0.0940682804717
430 61 0.59397879486
430 55 0.111031610218
430 16 0.0612893453257
431 24 0.665773074617
431 49 0.102701138627
431 17 0.0808449856485
432 86 0.607108078059
432 49 0.179623807391
432 57 0.172851447883
433 50 0.261887390413
433 39 0.200567938498
433 49 0.157138516046
1206 9 0.677286253688
1206 72 0.109193741765
1206 22 0.0974182867578
435 37 0.278801364926
435 57 0.149866676502
435 54 0.09565370393
1141 92 0.9175
437 35 0.686217116641
437 87 0.0744758397502
437 83 0.0724775896335
438 59 0.882943520412
438 68 0.0778564795879
33 32 0.710032795238
33 42 0.158227149756
33 57 0.0913233883386
440 47 0.9449999996
441 50 0.749139753834
441 42 0.0904578494082
441 49 0.0573022456293
442 64 0.518652832786
442 92 0.118345643066
442 60 0.109431456924
443 52 0.281168591706
443 19 0.207858039762
443 13 0.137909649578
444 21 0.633565374012
444 42 0.171857750154
444 7 0.0996355329183
445 44 0.305014811528
445 57 0.150580329268
445 63 0.111177469758
702 39 0.800304674941
702 11 0.148116377691
447 69 0.807873190524
447 57 0.143126809476
448 16 0.537353493627
448 19 0.174538149744
448 72 0.0757551504272
449 69 0.256625975978
449 57 0.17367403392
449 67 0.132050175895
450 43 0.629172594356
450 47 0.19497923222
450 39 0.106562459138
451 14 0.625761698568
451 90 0.106212934714
451 57 0.0823519988941
452 87 0.60505508697
452 42 0.0939119806845
452 22 0.068325501436
514 39 0.614537701536
514 19 0.132224093533
514 30 0.106561448365
297 57 0.138270126076
297 2 0.135550117388
297 83 0.135129772483
455 96 0.607376833123
455 42 0.322394149501
455 37 0.0280551043325
456 22 0.23543838491
456 95 0.105326508347
456 72 0.0793111559037
457 34 0.535815682247
457 59 0.191545182485
457 42 0.166309789733
458 79 0.553238939079
458 42 0.183052129272
458 59 0.118259247986
459 56 0.704952900619
459 57 0.118969356147
459 67 0.0684846255222
460 22 0.516963157713
460 72 0.198964526151
460 69 0.0802895839736
462 5 0.388784408603
462 93 0.137556144814
462 47 0.0727130190125
463 6 0.610278361518
463 42 0.121116577573
463 11 0.099577995329
870 42 0.690852579785
870 57 0.16828679218
870 27 0.0761406509565
158 43 0.666703639553
158 19 0.116717710396
158 50 0.111100852967
468 65 0.438416151354
468 42 0.182188362499
468 57 0.130725897455
469 86 0.866487665023
469 78 0.0542894821942
469 21 0.0388061861165
470 55 0.776540561801
470 72 0.0998408549264
470 32 0.0901703074107
471 95 0.44160619166
471 72 0.179642414542
471 93 0.165475707379
472 72 0.636748279803
472 57 0.234163415625
472 89 0.0977979819918
38 57 0.93085808985
38 65 0.0385169101501
474 12 0.684802077319
474 29 0.0969983169868
474 1 0.0622620969053
475 72 0.847242421602
475 98 0.111924245065
476 95 0.341813923514
476 57 0.202833465296
476 21 0.124058050254
477 22 0.508877293374
477 57 0.201216234167
477 54 0.0623711642604
1088 69 0.582751022207
1088 54 0.137624661846
1088 60 0.123605828259
262 63 0.677124177319
262 90 0.12713947134
262 72 0.126450637056
480 68 0.938125
272 65 0.631236327435
272 42 0.100110153011
272 4 0.0471580846648
482 77 0.519283961728
482 57 0.190893515
482 73 0.0987798177099
484 90 0.230414874481
484 42 0.120291090747
484 50 0.109884644311
486 13 0.524015162926
486 57 0.237340973849
486 55 0.0702343139261
487 61 0.694402660479
487 73 0.0781662863443
487 42 0.0740174953228
488 70 0.752729954711
488 82 0.0599025270492
488 99 0.0559281434767
489 39 0.665524427542
489 69 0.245384663367
311 11 0.945
491 81 0.556720711945
491 57 0.221710569012
491 13 0.0979228902915
492 70 0.502567946179
492 57 0.150494294622
492 4 0.0951363920463
493 64 0.454115551967
493 57 0.19297793497
493 19 0.143216791062
341 56 0.544221730877
341 83 0.177569006938
341 59 0.125492703815
496 49 0.749771959841
496 16 0.192580981335
352 57 0.503369523938
352 9 0.304411960266
352 42 0.0780352972866
498 57 0.595839572727
498 42 0.0972945627498
498 72 0.0613523220273
499 63 0.789676987955
499 72 0.165777557499
500 2 0.474483750099
500 71 0.139381908008
500 19 0.099273925378
501 43 0.405214033
501 42 0.155065268056
501 39 0.12487595921
377 0 0.586637476535
377 72 0.189412720203
377 4 0.111305513425
503 70 0.888365483209
503 71 0.0600555694229
504 30 0.430141426497
504 59 0.23527002729
504 32 0.105825170532
505 26 0.569368016616
505 49 0.172171203919
505 71 0.0868388785908
506 47 0.414512083341
506 19 0.177194242445
506 82 0.117477685995
507 31 0.459079839673
507 42 0.140388660135
507 88 0.0887625670208
993 13 0.697355926534
993 57 0.112268600078
993 86 0.0755889640799
1267 75 0.511975630271
1267 78 0.174140583816
1267 73 0.122401358016
510 84 0.464924934325
510 57 0.199055388538
510 42 0.160331573568
511 1 0.301892830377
511 88 0.110501857317
511 54 0.0922926661084
513 55 0.664013950624
513 57 0.281674211524
513 37 0.018385911926
453 30 0.506520781427
453 57 0.0925833526125
453 49 0.0818322328349
515 7 0.675849034905
515 42 0.133165267514
515 63 0.0592114570365
516 11 0.683338960722
516 76 0.0918741803726
516 27 0.0731320661387
517 42 0.307981234823
517 83 0.25988550231
517 65 0.128771444761
518 22 0.817663793834
518 54 0.111571497726
518 82 0.0413707690457
519 59 0.726108657228
519 57 0.103114137072
519 17 0.0753705351711
520 30 0.489268409815
520 42 0.150901630229
520 59 0.110334598468
536 23 0.533067575145
536 57 0.405682424855
522 82 0.737465941706
522 42 0.109200798057
522 59 0.0543851702005
975 7 0.592380269583
975 57 0.132261589903
975 59 0.0970560699319
526 16 0.929285714286
738 35 0.367074535334
738 57 0.102362716826
738 22 0.0631917321955
528 20 0.656520906137
528 59 0.146225673243
528 99 0.0963541953788
529 61 0.645520988841
529 57 0.169498733786
529 59 0.149054351447
530 32 0.929285714286
531 45 0.631112223247
531 42 0.240328014163
531 83 0.0425316899763
532 7 0.477390251357
532 49 0.267024433545
532 98 0.120969805161
533 61 0.90499583544
533 77 0.0573118568672
535 41 0.742595760611
535 32 0.177749607388
535 7 0.0374807189576
527 81 0.551135488784
527 57 0.169423945986
527 16 0.0975408236411
537 99 0.434216473046
537 57 0.11039298325
537 98 0.0902101215929
958 70 0.467524715445
958 57 0.352622022321
958 87 0.0488114870696
539 82 0.800576054089
539 2 0.0724601733605
539 17 0.0530307628454
605 38 0.765805118369
605 13 0.145103972539
542 65 0.617130744445
542 70 0.0743504808315
542 41 0.0613241447448
1266 21 0.601296284974
1266 17 0.170303464472
1266 49 0.0701223607923
926 69 0.901229017116
926 57 0.0624746865875
544 16 0.391833013949
544 49 0.122490436548
544 57 0.117417329262
545 44 0.408922741124
545 57 0.246583541939
545 4 0.122112637782
163 25 0.80965810886
163 72 0.084002500132
163 11 0.0524505021195
169 9 0.72361440635
169 93 0.190222532462
169 4 0.0370171579444
547 61 0.290427514025
547 57 0.16077999484
547 82 0.112508349528
549 78 0.240596884451
549 72 0.221052170817
549 21 0.174322947895
674 97 0.82634771666
674 4 0.0919856166737
551 57 0.902066869936
551 89 0.0616368337681
552 31 0.445391819544
552 42 0.174637264751
552 19 0.149471182156
553 75 0.568309454316
553 72 0.114234291111
553 86 0.0946234793559
555 24 0.35125479677
555 42 0.147559098895
555 9 0.0791997562355
556 81 0.611929904466
556 72 0.279181206645
557 89 0.668985252285
557 1 0.108003260198
557 72 0.07052854704
720 63 0.74255439199
720 0 0.128104145858
720 57 0.0690991430687
593 99 0.411233393391
593 57 0.236090679681
593 16 0.098265466371
560 95 0.636870684873
560 42 0.266779856798
560 87 0.0590417660216
561 50 0.579365279292
561 59 0.191516221508
561 55 0.0905451288436
562 23 0.146868105942
562 57 0.123985556596
562 42 0.122365356852
563 94 0.3282951565
563 57 0.289804196492
563 49 0.072808019731
564 29 0.355013842096
564 92 0.121447261695
564 70 0.084762816178
565 7 0.663493665852
565 16 0.147006237323
565 86 0.0897435822153
566 84 0.38355329397
566 57 0.312712375939
566 59 0.120901929858
567 63 0.824225877311
567 50 0.141981019241
568 72 0.91
570 56 0.35461630542
570 57 0.151609003958
570 49 0.132687102998
571 93 0.754464739795
571 22 0.0709518674468
571 36 0.0373778930178
794 42 0.621939205369
794 57 0.130209696635
794 63 0.0990137471187
573 78 0.821526447942
573 47 0.0968068852957
574 98 0.286709703554
574 49 0.261562924051
574 11 0.11239735207
819 19 0.380982018274
819 57 0.301152336099
819 72 0.143300565589
576 97 0.755891306499
576 57 0.189664249056
175 35 0.540005900656
175 42 0.1195359125
175 72 0.10569553204
578 34 0.492119588595
578 57 0.271164323043
578 92 0.068734673229
1134 19 0.590972732932
1134 80 0.122841285609
1134 13 0.0913287737302
580 80 0.280612265137
580 72 0.151693278544
580 57 0.132492145411
581 51 0.945
614 81 0.679985351415
614 19 0.125740459572
614 2 0.0508265776505
583 46 0.425616623569
583 57 0.278364143859
583 47 0.0918069470062
584 38 0.385649889311
584 57 0.14827502208
584 69 0.0944423146257
955 94 0.664409240096
955 50 0.0699287976717
955 69 0.0688656463462
586 70 0.549947450327
586 82 0.0892228766376
586 72 0.073178161481
587 17 0.870059200514
587 47 0.0891074661531
588 58 0.89
589 29 0.683550541614
589 42 0.165113157272
589 45 0.0856074724361
590 43 0.725529434034
590 7 0.124188378274
590 81 0.0809834403966
591 44 0.703621308846
591 57 0.194991722421
591 56 0.0443281452029
592 83 0.701722787936
592 32 0.111526999668
592 66 0.0578072706917
1053 87 0.556867570364
1053 57 0.336829645054
1053 56 0.0515531199153
594 99 0.276582041469
594 81 0.153444215983
594 20 0.145722589952
595 40 0.772151408187
595 57 0.176269644444
596 36 0.513144886802
596 13 0.0977154064248
596 57 0.0799655903131
362 68 0.43718575444
362 42 0.130180521193
362 57 0.116987247257
597 65 0.535264470849
597 57 0.191028694648
597 11 0.0571993070487
220 10 0.470811375231
220 57 0.118334507707
220 81 0.0961840244668
598 57 0.364822203604
598 50 0.264337273265
598 46 0.237224341286
989 19 0.530764712965
989 57 0.3886378261
989 59 0.0402049200318
601 77 0.687872787295
601 82 0.197005234291
601 2 0.0791960524877
602 15 0.72344865801
602 47 0.122045749603
602 42 0.110414683296
603 91 0.48680792909
603 57 0.171827506266
603 98 0.132005334858
604 54 0.71126177853
604 92 0.13587093876
604 29 0.110693369667
540 57 0.451918925746
540 93 0.381102993188
540 19 0.0424771276421
606 26 0.463313814839
606 49 0.201383853681
606 89 0.0679676637058
607 70 0.433622436458
607 57 0.296674330682
607 42 0.232395540552
608 67 0.540214816225
608 72 0.120063709593
608 57 0.075882276741
609 91 0.453132403066
609 56 0.120834105131
609 57 0.114482779368
610 54 0.516250957735
610 93 0.123889824476
610 22 0.0872092160829
611 90 0.605093950166
611 21 0.0826574038569
611 19 0.0660998045777
612 65 0.564382521828
612 57 0.125288600565
612 9 0.0723732420014
613 57 0.91
1074 32 0.421638992481
1074 8 0.334581188446
1074 57 0.164716129338
615 79 0.860832789738
615 49 0.0606454187669
615 92 0.0288061003533
616 60 0.432337043862
616 57 0.218021695519
616 11 0.140400485132
617 32 0.477734614136
617 59 0.118001782676
617 22 0.079011796589
619 55 0.36498276313
619 57 0.233822497866
619 88 0.109776410268
332 23 0.354855490378
332 69 0.15872737756
332 57 0.15765231115
620 69 0.828365382367
620 73 0.0887852681513
620 57 0.0515590269009
621 30 0.476743474285
621 57 0.127634408275
621 83 0.0793731297806
622 52 0.263909771976
622 57 0.226138484973
622 65 0.0873435415391
1152 11 0.398167987872
1152 57 0.231325552113
1152 42 0.0657435773591
79 83 0.520685038876
79 54 0.0939903513348
79 57 0.0733086444655
1114 88 0.269157571123
1114 83 0.227511174147
1114 21 0.132832251439
626 90 0.56216054137
626 2 0.160456268757
626 57 0.153138858998
289 0 0.402240924607
289 42 0.20908069741
289 32 0.113232633913
1203 64 0.537238860809
1203 57 0.272851866184
1203 72 0.135319244755
999 97 0.643031667951
999 57 0.141683109668
999 86 0.114365820665
111 91 0.333385229908
111 98 0.278071504167
111 4 0.221878157425
630 82 0.829159405566
630 92 0.119261647066
631 76 0.452250682012
631 72 0.179987516253
631 40 0.0935959658635
632 89 0.779173229292
632 57 0.192003241296
119 25 0.525118682082
119 92 0.336851251078
119 28 0.0494140243313
634 80 0.293853514257
634 42 0.182469626581
634 19 0.163796687502
635 72 0.127425754275
635 42 0.118226800952
635 19 0.101752690422
636 86 0.629030313988
636 17 0.0885029326646
636 13 0.0755833162769
77 54 0.844249785228
77 11 0.11314151912
638 50 0.900600696864
638 69 0.0748993031364
639 46 0.474183388281
639 32 0.203105680431
639 42 0.170248413405
39 88 0.825031961271
39 90 0.0749138454926
39 61 0.0419560987578
641 1 0.393039255276
641 61 0.2123394658
641 57 0.109030964793
642 13 0.826693749139
642 57 0.126639584194
23 8 0.923846153846
644 36 0.594903861093
644 57 0.339762805573
114 93 0.63519946564
114 57 0.116240246909
114 54 0.084149942767
646 58 0.557741584914
646 86 0.107222815413
646 57 0.0866482143798
647 57 0.444404224993
647 60 0.315810203589
647 72 0.0993827786142
648 49 0.310113306608
648 61 0.0745152427983
648 8 0.0685513478363
649 57 0.216377730379
649 50 0.202352341588
649 47 0.172069146071
650 23 0.777920339859
650 57 0.0627652805456
650 71 0.0620852198197
651 90 0.501201738148
651 57 0.227927663137
651 39 0.139958955253
534 99 0.552496409781
534 57 0.1271701803
534 42 0.105555872206
116 7 0.769486001818
116 72 0.0997643445469
116 57 0.0630753243435
653 22 0.792951303904
653 11 0.141715362763
1165 2 0.407216206971
1165 42 0.119731126865
1165 29 0.0755208634699
654 95 0.474188612312
654 59 0.186103064703
654 72 0.1441603828
655 86 0.873587652228
655 71 0.0872123477725
656 81 0.713730032763
656 57 0.231825522793
98 33 0.440577199402
98 71 0.145846099475
98 57 0.103295584124
323 79 0.693882558848
323 42 0.181873265648
323 82 0.0531460402909
658 71 0.67
659 13 0.299792782097
659 49 0.133735096065
659 72 0.0958328025984
660 53 0.484462931399
660 42 0.155212571792
660 50 0.152064818708
212 2 0.473569333014
212 57 0.134548589531
212 54 0.113084633511
663 28 0.48471388274
663 57 0.244836759721
663 32 0.126012086867
1168 89 0.46762735642
1168 72 0.159484092115
1168 49 0.120426898496
665 40 0.385253340647
665 72 0.107878497519
665 63 0.089774487138
666 69 0.426403856148
666 31 0.1084431954
666 72 0.0848695689667
667 67 0.776764407079
667 47 0.0983183186393
667 90 0.0458938005408
668 16 0.89
1169 70 0.286494758755
1169 51 0.101220142915
1169 97 0.0968766569313
949 71 0.593560598725
949 59 0.125681411899
949 57 0.0894879032175
266 54 0.316227263796
266 42 0.148307012932
266 22 0.0665939982185
670 18 0.441480384058
670 57 0.305325110603
670 39 0.0830849784357
671 56 0.499729903017
671 57 0.231198128417
671 42 0.0433893190305
672 38 0.546388043907
672 67 0.0985051627134
672 8 0.0771763457059
673 58 0.619815754116
673 45 0.11095001217
673 27 0.0782569215956
299 13 0.934
675 22 0.777983406762
675 42 0.167572148794
676 96 0.446664717508
676 57 0.326004687522
676 50 0.0774373522211
122 67 0.42422142001
122 57 0.395449067257
122 49 0.0968693253373
679 51 0.837956240263
679 55 0.0808178935233
679 59 0.0390519531707
681 57 0.9690625
336 57 0.349456639462
336 50 0.207596868672
336 72 0.0977821026851
683 1 0.443141517687
683 49 0.160377997352
683 67 0.077402063034
684 99 0.853906661788
684 49 0.0717940467779
684 69 0.0396564342916
685 98 0.652227026963
685 47 0.228915522508
685 8 0.0784407838619
686 37 0.562624459951
686 57 0.174696018571
686 50 0.167297015694
165 27 0.606515949938
165 39 0.105301561654
165 93 0.101291985872
688 92 0.632218241075
688 37 0.155912255293
688 86 0.151244503632
689 29 0.506610981605
689 72 0.138992988816
689 57 0.130633709912
690 92 0.565840516825
690 11 0.109819539171
690 16 0.109217730947
691 93 0.618178792501
691 42 0.116332195774
691 67 0.0586475181589
692 53 0.610416432555
692 72 0.131488467139
692 17 0.0701047411179
693 0 0.692160371261
693 57 0.141079965334
693 59 0.0464053241384
837 15 0.589746384592
837 57 0.163167235554
837 19 0.0969431546125
695 99 0.659746072631
695 72 0.258587260703
962 19 0.210532462535
962 42 0.203476291076
962 87 0.146234501032
697 26 0.941764705882
698 0 0.335351859489
698 57 0.231494034843
698 88 0.146184378775
699 58 0.662489469725
699 71 0.0757441529018
699 64 0.0723307876987
1175 67 0.512929028477
1175 59 0.210556649275
1175 54 0.113755556776
701 80 0.489512120383
701 41 0.133032245894
701 59 0.109941401539
446 32 0.748031247662
446 57 0.0946095725847
446 49 0.0563128483739
703 20 0.330321732815
703 57 0.164920463818
703 54 0.104561099583
704 55 0.125418382406
704 47 0.109204520813
704 58 0.100034000335
705 64 0.834523103521
705 57 0.0950043417395
705 13 0.041078615346
1177 19 0.91
707 32 0.747202225953
707 17 0.138465815964
707 57 0.073915291416
1136 72 0.9505
625 57 0.242074044694
625 12 0.233540082425
625 73 0.173517895402
709 82 0.67
710 30 0.582295390184
710 42 0.185586544095
710 98 0.104567030679
711 31 0.496558146838
711 57 0.241355549893
711 49 0.148896183179
126 87 0.736740164643
126 92 0.0959881742997
126 42 0.0600085944297
712 27 0.740550115032
712 57 0.146635234333
712 66 0.0557558271049
713 51 0.65044407754
713 59 0.120754717421
713 92 0.0489695209669
714 97 0.434079272561
714 57 0.205337789728
714 86 0.110756795493
715 17 0.345784342176
715 42 0.111057866051
715 49 0.0780420658401
716 12 0.348030256627
716 50 0.169661575384
716 59 0.115699566217
717 92 0.87625
718 61 0.73803356316
718 57 0.155214359312
718 62 0.0502611738809
719 59 0.579538832722
719 19 0.196625931427
719 57 0.183418569184
558 93 0.647724380097
558 82 0.135734153618
558 94 0.079036095192
721 27 0.450334433317
721 4 0.278124871989
721 81 0.0940443929207
722 72 0.320393265089
722 57 0.182289936662
722 92 0.135817176482
349 41 0.802672899304
349 11 0.0898499783523
349 47 0.0360948757344
723 3 0.441767342541
723 0 0.119974456842
723 42 0.114859508416
724 18 0.16639225457
724 59 0.125128520271
724 32 0.107590421573
725 76 0.706986820959
725 42 0.152797406257
725 87 0.102908080477
726 84 0.32557864283
726 9 0.0954869976461
726 72 0.0853810088103
727 59 0.607293561145
727 57 0.196248455968
727 42 0.101507838548
728 53 0.520112001481
728 49 0.167469619538
728 95 0.161317639294
729 54 0.528065332467
729 57 0.244637530719
729 87 0.0938849284639
730 88 0.934
759 23 0.229934427628
759 72 0.130545149544
759 17 0.125589626799
627 78 0.579437006337
627 57 0.207331478206
627 69 0.115178082339
732 81 0.480110056309
732 59 0.107492115352
732 49 0.0956961802508
733 37 0.3917960831
733 29 0.162448521514
733 90 0.0816621535821
734 93 0.634640336528
734 57 0.105483224276
734 61 0.0669062506647
735 57 0.887917955996
735 86 0.0529477626077
735 98 0.0321898369521
736 84 0.600231152053
736 47 0.129907057217
736 98 0.121453182253
737 89 0.588810115649
737 72 0.165421970618
737 15 0.0626178910436
624 68 0.934
740 7 0.527774905542
740 73 0.112932918145
740 94 0.0922975591032
741 58 0.745844833871
741 32 0.122601817407
741 94 0.0573393007095
742 49 0.790695865688
742 67 0.0894335960887
742 41 0.0659816493342
745 57 0.201603988734
745 5 0.172043636197
745 49 0.131692005927
746 57 0.399475413566
746 2 0.292716668021
746 11 0.104485248246
747 83 0.339800863524
747 57 0.139849212
747 59 0.106676644868
749 24 0.457512490427
749 71 0.115534590693
749 59 0.0926898776483
750 32 0.929285714286
751 84 0.333181923529
751 42 0.0985903841955
751 61 0.0832813949322
752 68 0.478019555659
752 57 0.146450075312
752 49 0.109035889249
753 77 0.669863408236
753 59 0.147462677771
753 58 0.0738447870614
754 32 0.885861790083
754 11 0.0764459022251
755 27 0.901
1185 58 0.682302656814
1185 16 0.130114746282
1185 57 0.0646697574564
525 90 0.842598638292
525 22 0.0886919958065
525 62 0.0327834399758
757 4 0.649965255135
757 57 0.298455797497
758 0 0.661976343016
758 93 0.128734362975
758 13 0.099037947913
1087 35 0.759973098814
1087 57 0.0899233894617
1087 11 0.0672226104616
760 87 0.554299333683
760 72 0.117722935202
760 57 0.084130346806
761 68 0.703013158497
761 57 0.130301447792
761 16 0.109626570182
762 3 0.454691643118
762 57 0.304004287134
762 41 0.115365776151
986 89 0.600858942871
986 50 0.0713690389003
986 74 0.0641017556779
763 42 0.644363483679
763 16 0.0601106805233
763 47 0.0525798247707
764 50 0.802397724576
764 57 0.0888436262566
764 17 0.0353350779055
765 40 0.515766789974
765 13 0.182467327638
765 32 0.0868704855072
813 57 0.306182274072
813 9 0.287417792299
813 50 0.201608651953
1188 82 0.756755511978
1188 49 0.143912988646
1188 71 0.0531410231852
973 2 0.613405324662
973 57 0.276135422902
973 19 0.0758163952927
365 29 0.95875
769 20 0.276022483688
769 59 0.171063043526
769 72 0.139731354332
770 73 0.785410419519
770 39 0.135801609861
770 47 0.0567425160748
771 11 0.664218113297
771 72 0.100143683336
771 21 0.0847876179202
772 72 0.857336623331
772 29 0.0835639849042
772 3 0.0313851060509
773 91 0.214439927292
773 11 0.169045096276
773 42 0.143743590828
940 78 0.515891389579
940 57 0.100248479914
940 59 0.0756525697799
775 86 0.938125
776 51 0.264082347747
776 50 0.161179611555
776 4 0.156990233827
777 30 0.641470225401
777 57 0.274373709274
777 31 0.0547621259307
779 29 0.87625
781 96 0.493576974202
781 42 0.300606387123
781 59 0.171173781532
782 92 0.595188240236
782 42 0.121579451388
782 87 0.0871847304165
783 6 0.641639328377
783 38 0.150519610182
783 57 0.0909547100584
784 52 0.561430757422
784 57 0.237361998051
784 83 0.155016768336
785 19 0.652326894606
785 57 0.172777159101
785 36 0.100280561678
786 73 0.747969229962
786 49 0.144789647872
786 19 0.0501822986364
788 71 0.673542596944
788 78 0.0729827848115
788 8 0.07089645417
789 46 0.768127999146
789 59 0.206743795726
790 95 0.884676407916
790 47 0.068656925417
76 62 0.462829642192
76 42 0.274474847947
76 19 0.158085665598
780 19 0.609815380897
780 29 0.178833813936
780 57 0.0803294040056
792 53 0.425087485762
792 57 0.363659638728
792 59 0.128437479319
793 95 0.382587347683
793 72 0.168715017736
793 57 0.148626538663
795 16 0.481813961199
795 57 0.140387498043
795 71 0.073701391254
255 18 0.457609846696
255 86 0.157893275822
255 93 0.145723440621
997 3 0.802
797 46 0.266490179283
797 57 0.146884832519
797 19 0.115638461378
434 7 0.549998133222
434 19 0.14581265456
434 13 0.0870916919848
799 93 0.346041754701
799 7 0.0849573189801
799 61 0.0768774654818
800 9 0.482361663295
800 32 0.192437218601
800 22 0.0730651570691
623 52 0.353887992003
623 17 0.0959563810325
623 42 0.0953713518869
1041 57 0.292890647439
1041 98 0.262354881233
1041 49 0.121189746658
628 22 0.638990553467
628 34 0.0907974596826
628 59 0.0899404236051
804 11 0.817678079684
804 72 0.111213980157
804 99 0.046857940159
1051 20 0.322510389326
1051 11 0.13661873736
1051 92 0.135679893799
806 42 0.858571428571
807 89 0.934
1190 90 0.901
809 6 0.722527418437
809 72 0.111737168888
809 42 0.0794682233595
810 23 0.76095531036
810 47 0.0821960310389
810 61 0.0659078893201
766 65 0.921097847907
766 18 0.0380688187594
814 32 0.679689635943
814 57 0.112143797122
814 86 0.0718213197809
816 8 0.667427313239
816 57 0.268224509941
816 19 0.030899900958
1125 33 0.768163003026
1125 97 0.142746087883
643 56 0.386304499928
643 83 0.132658780063
643 57 0.120518254046
820 85 0.580520165629
820 71 0.158039562685
820 47 0.137063718373
41 57 0.217296149916
41 5 0.110871651881
41 11 0.0900937323114
821 53 0.588520932533
821 57 0.286632268343
821 0 0.0776395141612
822 68 0.589897199273
822 42 0.240695656403
822 64 0.0801834549613
823 5 0.599593548545
823 57 0.203224811441
823 65 0.102918609032
824 50 0.682078854162
824 4 0.117182107565
824 11 0.102462628774
826 73 0.961923076923
577 50 0.540258560233
577 57 0.145948217874
577 67 0.0542507659852
1040 57 0.963333333333
828 93 0.321747255126
828 4 0.171427712959
828 27 0.147983907003
829 90 0.436509120654
829 57 0.249968254181
829 69 0.137698948856
830 99 0.914407633296
830 50 0.0529257000378
831 0 0.625409314152
831 19 0.121097534165
831 29 0.0982105022438
356 18 0.796926561965
356 95 0.0466850463348
356 29 0.0428801018639
833 55 0.944999999694
1223 74 0.411042503168
1223 57 0.373961345696
1223 50 0.114254799625
835 98 0.87625
836 1 0.576576261079
836 47 0.136627020832
836 68 0.106245970561
579 4 0.297988171085
579 50 0.133638698943
579 34 0.108775824339
840 59 0.700108569751
840 57 0.177391430249
841 93 0.642429085641
841 69 0.132911992507
841 57 0.0585426829473
842 10 0.328582738154
842 78 0.302064670356
842 93 0.101204588391
843 39 0.133544824061
843 42 0.121580720313
843 63 0.109437453292
845 25 0.89
846 7 0.711028012206
846 17 0.0947506927829
846 83 0.0721098648186
847 58 0.507835523671
847 47 0.129045478371
847 41 0.125989537641
848 72 0.847823290665
848 98 0.0677335381067
848 36 0.0323954135816
849 11 0.542626467358
849 86 0.181228557007
849 72 0.112289974465
850 30 0.537914756605
850 57 0.190515831068
850 42 0.119707410142
851 28 0.549498269523
851 57 0.249330579539
851 42 0.0919645970126
852 73 0.403078881479
852 57 0.287131820004
852 21 0.0744486559234
46 61 0.6966192291
46 57 0.277591297216
366 40 0.471112567787
366 54 0.32987115186
366 92 0.102380298199
855 78 0.626004973874
855 57 0.292328359459
856 42 0.349711365762
856 72 0.0744991623827
856 29 0.0675869272729
798 78 0.774631845717
798 89 0.0794747787563
798 63 0.075606979044
857 16 0.87625
858 41 0.810595673046
858 16 0.0938597523075
858 19 0.0514536654541
151 72 0.151490124307
151 54 0.122271393777
151 86 0.122038497475
860 86 0.567616873206
860 57 0.398590023346
861 89 0.689020482237
861 59 0.221888608672
862 75 0.224956382774
862 50 0.148954910577
862 42 0.144117998583
864 21 0.798479050327
864 32 0.0772992697472
864 30 0.0751164895373
867 55 0.848562737222
867 80 0.108828567126
868 4 0.663969544971
868 17 0.0861115915866
868 25 0.0612207932079
869 57 0.362237250336
869 38 0.337894673624
869 47 0.092109056223
871 63 0.801594378934
871 57 0.0804708306432
871 32 0.079134790423
872 27 0.938125
873 0 0.505791546444
873 49 0.130865222018
873 7 0.0941871763192
874 98 0.9505
875 12 0.567312769388
875 72 0.0922903952794
875 64 0.0680053159977
876 49 0.547569186888
876 59 0.190540515951
876 57 0.133605024028
877 68 0.55148564618
877 47 0.17308064225
877 93 0.135693093441
210 86 0.3131491544
210 52 0.0702673556439
210 18 0.0601522904447
879 26 0.680628219214
879 22 0.113863803322
879 11 0.0742655001399
232 88 0.645540752627
232 64 0.0795062844137
232 78 0.0732146908366
881 21 0.487092729565
881 57 0.122490487381
881 17 0.110754736633
882 82 0.819403009877
882 71 0.122494963906
882 80 0.0295726144525
985 35 0.505146953575
985 57 0.209067510062
985 59 0.0645181726987
268 7 0.762505138649
268 61 0.0653380536071
268 40 0.0467824288801
885 22 0.51720992428
885 42 0.333405123303
885 49 0.114742095275
279 83 0.591945588888
279 73 0.180222058758
279 57 0.143567970172
887 14 0.747426060701
887 29 0.15762650074
887 19 0.0464474385587
818 46 0.739998355992
818 92 0.0829666665266
818 51 0.0732416982476
889 33 0.232253492688
889 16 0.179714077049
889 93 0.178049933455
892 4 0.717895805934
892 42 0.0983391860695
892 36 0.0486128505782
893 61 0.428279775102
893 57 0.190491867194
893 29 0.092192071223
373 89 0.665381862721
373 93 0.146717789096
373 57 0.0899033927855
896 24 0.595009949887
896 72 0.106180309725
896 88 0.103390808386
897 55 0.632511284392
897 69 0.062302419801
897 72 0.0590684654949
898 62 0.514971905928
898 72 0.189321102052
898 49 0.111872310667
899 39 0.693966144772
899 42 0.220479389831
899 25 0.0345018338186
900 66 0.506078415847
900 48 0.117690073262
900 98 0.0796323837147
901 72 0.720770478057
901 73 0.106594265934
901 57 0.0454370490644
902 48 0.606327931114
902 31 0.158779286299
902 90 0.149632000584
903 24 0.392993134232
903 57 0.176656413264
903 59 0.121903698374
904 21 0.844201127107
904 42 0.0842536916307
904 72 0.0356192553368
905 59 0.603431316055
905 72 0.117607390406
905 94 0.081695326744
906 55 0.661355789188
906 57 0.104153460342
906 36 0.0853513752449
399 18 0.474157897277
399 11 0.334969019935
399 42 0.0595817258015
908 35 0.574697941654
908 32 0.134282809991
908 72 0.0975904045752
413 37 0.259045467213
413 57 0.14922571876
413 11 0.104063426074
910 68 0.596306795104
910 57 0.352114257528
911 59 0.645355673669
911 32 0.183946687356
911 42 0.0841624872284
748 84 0.522929373923
748 36 0.116727301536
748 2 0.105033664336
913 39 0.32273332842
913 7 0.123549165344
913 22 0.106453487443
914 57 0.548105248891
914 49 0.260697635854
914 11 0.132731514135
467 15 0.532637004389
467 72 0.138018843959
467 57 0.113592787957
916 42 0.301600288306
916 45 0.28323314214
916 19 0.142970014448
917 72 0.859829153641
917 57 0.0935041796926
918 51 0.506836588434
918 72 0.144889139423
918 27 0.140006565056
919 29 0.449459803383
919 57 0.256139914233
919 42 0.120206050171
920 44 0.428105676247
920 57 0.166324036028
920 98 0.107834669258
921 45 0.89
922 73 0.811759794785
922 42 0.099149296124
923 96 0.32692752959
923 57 0.284439268059
923 0 0.137419959765
924 98 0.509378255078
924 83 0.0805216349436
924 16 0.0679124462384
543 30 0.628821007691
543 42 0.155800174612
543 19 0.134710018595
927 41 0.929285714286
930 49 0.880304046274
930 69 0.0870292870595
931 56 0.821896896035
931 49 0.107669983854
931 16 0.0345071941846
932 36 0.814936836784
932 54 0.0751433714837
932 31 0.0588671601533
509 29 0.414875746853
509 93 0.1435951574
509 57 0.118443339291
934 17 0.947894736842
935 43 0.590969299017
935 13 0.168492749
935 57 0.0796980718903
662 72 0.535544639858
662 27 0.204855687655
662 64 0.104143156891
937 38 0.411054078812
937 57 0.134493571726
937 88 0.11995657443
938 35 0.800518823273
938 17 0.145036732283
939 54 0.615298752189
939 59 0.0818454233134
939 16 0.0696278715982
941 73 0.41775921693
941 69 0.408163376262
941 57 0.0774184022357
942 10 0.151826812494
942 19 0.126445906011
942 59 0.091996866072
637 52 0.826466506498
637 42 0.0718818477186
637 69 0.0575607366926
944 16 0.604873127067
944 72 0.0912102446403
944 31 0.0747988458492
945 67 0.955
946 1 0.700526114233
946 72 0.234140552433
947 77 0.662074576064
947 98 0.171620128956
947 85 0.0781234767976
948 71 0.561319404099
948 72 0.158703309579
948 31 0.0795892971835
436 46 0.405638556615
436 57 0.13424469026
436 59 0.111522791113
950 2 0.726708761074
950 18 0.163373226975
950 42 0.056029121927
951 92 0.536407978116
951 57 0.235619764161
951 32 0.0677555588414
952 53 0.657868830782
952 59 0.155172395976
952 47 0.0972539073855
912 21 0.74364615864
912 50 0.0917490053524
912 16 0.0548982063666
953 86 0.568312915397
953 32 0.139252484446
953 93 0.109908741416
708 93 0.332127563864
708 60 0.224399249733
708 59 0.181449454516
956 10 0.355435351052
956 90 0.241109279605
956 13 0.0966149877727
957 54 0.934
275 12 0.39107486942
275 11 0.21021775135
275 92 0.143372786703
959 2 0.904718288226
959 57 0.0410702499854
959 87 0.0229211392081
739 81 0.696272996175
739 54 0.142194401734
739 19 0.130242279511
669 65 0.419393061036
669 72 0.217855045633
669 35 0.0785754368036
1218 91 0.521980783731
1218 86 0.229415926671
1218 42 0.204512380506
963 12 0.515880653507
963 82 0.192943093509
963 68 0.0689578247849
965 40 0.616554964519
965 72 0.182508504175
965 90 0.0840479873325
967 83 0.403553040736
967 49 0.232634529309
967 42 0.167921835643
968 21 0.324990653955
968 42 0.207754285885
968 57 0.161387563874
969 48 0.610009800033
969 57 0.206494895745
969 19 0.0923075155599
970 72 0.70901880346
970 99 0.0923582232652
970 47 0.0832891099819
971 16 0.435347422313
971 57 0.193965535754
971 13 0.110486712098
974 69 0.611892628596
974 32 0.0855675723493
974 71 0.0521619307583
976 9 0.698328357761
976 89 0.0867908644441
976 4 0.0762082941438
977 72 0.342126009376
977 57 0.251021309413
977 50 0.0794091311459
978 84 0.539169317109
978 42 0.254235659027
978 49 0.122496428948
1025 47 0.666463340968
1025 39 0.135081255376
1025 59 0.0968642360944
980 66 0.567411834328
980 57 0.393388165672
981 73 0.606645660288
981 71 0.091545327807
981 63 0.0717898002389
1221 49 0.782036048412
1221 19 0.100527008929
1221 85 0.0481512283733
984 22 0.440350091652
984 57 0.260474615859
984 32 0.232396641013
485 77 0.295139779252
485 57 0.262378222463
485 99 0.0925533074126
987 67 0.749355770838
987 57 0.0681769396372
987 49 0.065306156605
988 21 0.606517034357
988 93 0.328149632239
1073 18 0.442237425135
1073 59 0.136904629485
1073 42 0.12451855893
600 68 0.676189745916
600 72 0.151929898632
600 57 0.107213688786
990 90 0.573392339525
990 57 0.250322451385
990 93 0.0987920041587
936 38 0.629813231597
936 92 0.173828344678
936 29 0.0516567354359
991 45 0.603196773947
991 67 0.102481839559
991 22 0.0977689768021
992 79 0.224695543982
992 65 0.149721172951
992 57 0.135503575239
994 49 0.515562071237
994 61 0.268076832354
994 15 0.16462835677
160 35 0.581087761372
160 87 0.100231628818
160 57 0.0879702569526
995 69 0.71833552207
995 57 0.130239618786
995 13 0.102924859144
996 73 0.716899483922
996 92 0.122380328559
996 11 0.0610316349877
796 0 0.458177401526
796 32 0.13256188686
796 94 0.101258260016
998 74 0.522257864726
998 57 0.26938941684
998 94 0.0614986422814
1000 23 0.612978043093
1000 57 0.162615051733
1000 72 0.0780212508014
1001 48 0.475792052284
1001 72 0.355283664483
1001 67 0.0755750355081
1002 59 0.858571428571
1003 26 0.310512494343
1003 57 0.132302487981
1003 49 0.121518997187
1004 57 0.463745217673
1004 44 0.398597539719
1004 4 0.0972405759408
1006 57 0.960399999741
1090 82 0.630334136324
1090 86 0.221285478102
1090 85 0.0737650009588
1009 72 0.911008500709
1009 67 0.039991499291
1011 20 0.296144302269
1011 57 0.160751777314
1011 61 0.0752243377271
1012 89 0.502685387462
1012 57 0.158901906101
1012 22 0.104698614774
1013 52 0.490557815939
1013 0 0.115363619753
1013 42 0.0944031399115
1007 28 0.223373397597
1007 29 0.105763216819
1007 42 0.0689985558718
1015 51 0.466145958392
1015 57 0.217296582536
1015 13 0.0898935684017
812 81 0.9175
1017 8 0.835
1018 57 0.271939454112
1018 21 0.25864885132
1018 4 0.144992676863
1019 89 0.648863983356
1019 22 0.231561098989
1019 26 0.0449321637453
1077 33 0.53093117264
1077 57 0.341341039669
1077 42 0.0930849305482
1021 29 0.745411313945
1021 86 0.149966510501
1021 19 0.0760927637899
1022 19 0.89
1023 92 0.71588201143
1023 29 0.161295817554
1023 53 0.0787312619255
1024 63 0.423354913806
1024 57 0.164523533214
1024 42 0.114033451576
1026 87 0.655185276336
1026 57 0.121825929783
1026 59 0.118365377396
1027 14 0.419882522144
1027 57 0.214445502864
1027 42 0.139473943273
1029 57 0.410276884457
1029 98 0.220361118318
1029 86 0.17262958278
209 46 0.59406902805
209 57 0.298963001381
209 77 0.0628770614776
1031 81 0.763407607521
1031 47 0.107680442961
1031 57 0.039195087186
1033 61 0.798605031962
1033 42 0.162194968038
1231 9 0.554368323335
1231 41 0.173232544353
1231 59 0.148100825177
512 2 0.824325435155
512 94 0.0525262779264
512 26 0.051509059124
1037 78 0.548040004567
1037 92 0.151474417644
1037 11 0.150130715075
1038 98 0.95875
1039 93 0.698637448187
1039 88 0.0536840225953
1039 72 0.0515792880355
1042 81 0.553360056449
1042 72 0.162676704434
1042 34 0.0716560016402
50 40 0.63588754302
50 57 0.119229795133
50 92 0.102665529252
1043 64 0.834836068383
1043 17 0.0533269607214
1043 57 0.0527223943591
1044 97 0.549554216299
1044 57 0.34815437573
1044 51 0.0512387763918
1230 18 0.680202067319
1230 57 0.105530574327
1230 90 0.090644928823
1046 22 0.9175
1047 13 0.558258183596
1047 57 0.26913154366
1047 27 0.0521144259145
1048 72 0.889999999902
494 24 0.489903056367
494 32 0.171982004537
494 51 0.116276013788
1050 0 0.371454798651
1050 61 0.132850107349
1050 93 0.11631049583
805 11 0.632739684449
805 42 0.0945846603855
805 49 0.0515856194125
1154 80 0.557528173139
1154 82 0.0833754014399
1154 59 0.0832109331643
1054 7 0.712001097115
1054 73 0.123895226963
1054 78 0.0699669278192
1055 74 0.81977808521
1055 36 0.0954479518063
1055 55 0.0443572963169
1056 37 0.334692025719
1056 57 0.166623336157
1056 90 0.0783897153173
1057 16 0.722222128718
1057 82 0.0816386256092
1057 25 0.0646571226035
1058 33 0.55069855251
1058 57 0.26566446757
1058 68 0.0722845692617
1059 9 0.694871394699
1059 59 0.137459904596
1059 90 0.0535417858454
1061 47 0.749155044643
1061 42 0.0873180611142
1061 29 0.0785089075045
392 83 0.952857142857
1063 26 0.507702911301
1063 50 0.160789484696
1063 57 0.0788996162701
1064 12 0.71397131567
1064 57 0.115325969061
1064 72 0.11364389174
1065 9 0.185100127639
1065 57 0.111023192823
1065 72 0.0920290760712
1066 48 0.225593695621
1066 57 0.143642704391
1066 98 0.0877492896526
187 65 0.614228433001
187 87 0.0978427078282
187 82 0.0728740488704
1068 50 0.475258982331
1068 2 0.142412301441
1068 42 0.110397437025
1069 0 0.952857142857
1070 92 0.366534486145
1070 42 0.252582659728
1070 57 0.184489947923
1071 30 0.839389465499
1071 59 0.068856958839
1071 31 0.0583052998003
1072 25 0.783485411121
1072 32 0.10762569999
375 84 0.362920624831
375 42 0.131639935262
375 72 0.091301240575
1242 27 0.309412234803
1242 57 0.297890919672
1242 67 0.0970979473394
1076 72 0.888638820595
1076 7 0.0537141205812
1020 68 0.43259288604
1020 19 0.126364332542
1020 43 0.0987507278561
1078 82 0.915308317808
1078 54 0.0438583488588
1080 45 0.560228008264
1080 67 0.226529932298
1080 35 0.0922399100005
1081 93 0.17533260383
1081 49 0.160408391669
1081 4 0.142140996351
1082 66 0.651604813044
1082 72 0.186920808081
1082 22 0.0632780855386
1083 92 0.843804871875
1083 57 0.0760619668172
1083 56 0.031633161308
1084 6 0.487543410219
1084 82 0.132275206381
1084 57 0.11864643209
1085 25 0.380484208257
1085 72 0.11957599804
1085 68 0.0680516598149
1086 2 0.634714067239
1086 58 0.0979596917019
1086 51 0.0917997820332
1241 83 0.7002613123
1241 82 0.084507631113
1241 32 0.0830819794938
1092 98 0.763467317406
1092 50 0.18208823815
1093 78 0.708018999479
1093 32 0.0905918121376
1093 20 0.0621274169387
1094 90 0.39762568324
1094 34 0.112082985558
1094 57 0.10275100408
1095 1 0.686989457159
1095 69 0.173010542841
330 54 0.528671013509
330 57 0.139238337601
330 59 0.0807536284014
1097 77 0.507463781962
1097 49 0.156633077048
1097 47 0.0981668223799
1099 31 0.390469619184
1099 57 0.320927905342
1099 42 0.219380554517
1079 57 0.237717772196
1079 84 0.15621322118
1079 13 0.152943979271
407 69 0.559731118071
407 61 0.16295323614
407 16 0.103399035118
1102 70 0.556541100247
1102 37 0.125200187881
1102 78 0.116576601591
1103 71 0.332983639891
1103 57 0.0557255964462
1103 65 0.0454434090872
271 29 0.612752429048
271 57 0.213132345031
271 92 0.0401616615509
1106 37 0.523343960271
1106 49 0.176859713126
1106 65 0.0845117409933
1107 72 0.831569560597
1107 11 0.0857005465175
1107 15 0.0275526927961
1108 85 0.381429813666
1108 57 0.195130938499
1108 42 0.146444231252
345 19 0.85583475523
345 57 0.0834355891973
345 8 0.0234219632651
1110 11 0.421506896303
1110 59 0.217510921807
1110 57 0.174777923919
1111 47 0.430332638705
1111 2 0.0641752938807
1111 57 0.0571072346793
1112 57 0.224977045878
1112 29 0.165933480598
1112 21 0.120284228194
370 40 0.750331077079
370 42 0.127168922921
1115 55 0.835
1116 0 0.793529927503
1116 16 0.0922577287367
1116 57 0.0795694866177
1117 20 0.363747153114
1117 57 0.0949501603806
1117 19 0.0922772403479
863 49 0.29993613257
863 29 0.226027894659
863 55 0.178407060424
1119 8 0.688035764533
1119 39 0.144069510639
1119 98 0.110835901299
337 29 0.899882383696
337 90 0.0424705574805
1121 80 0.596083869449
1121 57 0.0882981302569
1121 4 0.0812063756031
1122 42 0.491852702178
1122 49 0.330522767165
1122 15 0.119382925904
1142 63 0.324086522871
1142 21 0.268791696856
1142 57 0.158030854034
1123 86 0.596323492469
1123 57 0.10916634995
1123 42 0.088362167656
1124 71 0.812615180603
1124 11 0.0524962429791
1124 41 0.0433154822677
1126 35 0.489964528981
1126 16 0.10820895709
1126 83 0.0952819641571
1030 49 0.795125656436
1030 16 0.100828988153
1030 98 0.0618714423675
1128 40 0.503905336858
1128 72 0.355738672834
1128 85 0.0710702760218
135 3 0.502242136791
135 38 0.126918831856
135 67 0.108827293351
1130 19 0.710962767707
1130 89 0.137171476244
1130 56 0.0764743241448
1131 78 0.816318383091
1131 41 0.0804785040013
1131 13 0.0547031129077
844 89 0.572515453071
844 57 0.125507198867
844 42 0.102520132062
1133 14 0.442317839261
1133 57 0.162271188155
1133 11 0.0861062290222
1034 59 0.204999829278
1034 57 0.161439779834
1034 61 0.126718593432
1151 89 0.650304800315
1151 57 0.28438206717
1151 86 0.0390969162995
1135 4 0.835
1137 52 0.312364129413
1137 71 0.267881810515
1137 82 0.171530786931
1138 65 0.741394996983
1138 61 0.134349006689
1138 13 0.0908077204662
1139 35 0.782713193245
1139 29 0.105926523987
1139 32 0.0329730419202
1016 50 0.70739383547
1016 57 0.141964644718
1016 67 0.0548481730305
1140 38 0.645933826316
1140 72 0.145223861577
1140 36 0.139413662124
541 63 0.613166470001
541 72 0.12871798626
541 57 0.113605507152
1144 75 0.346586821768
1144 57 0.22565813028
1144 59 0.121596003527
548 60 0.719632344526
548 57 0.210367655474
1147 32 0.524277506031
1147 47 0.071619835475
1147 73 0.0614638235475
1149 69 0.565761410039
1149 51 0.090367811237
1149 4 0.0787546865266
1150 82 0.422957640446
1150 57 0.225545822377
1150 93 0.166858277454
572 47 0.717587685818
572 71 0.122615994873
572 25 0.0565265683674
1153 85 0.300463169072
1153 42 0.158341414793
1153 54 0.14025888809
200 57 0.417646537672
200 32 0.189112836791
200 42 0.0843359159089
1155 54 0.813533886588
1155 47 0.145632780079
1156 67 0.818094506538
1156 57 0.0845224456749
1156 71 0.0448917000425
1157 60 0.627240168209
1157 49 0.141767313817
1157 65 0.104623651596
1158 34 0.564267070253
1158 47 0.0992743398912
1158 29 0.0865257535532
1036 10 0.643365084804
1036 2 0.175228397109
1036 19 0.146763660943
202 77 0.503585373977
202 57 0.458722318331
1162 37 0.430980146989
1162 57 0.107296955207
1162 42 0.103101571293
1260 67 0.934
1164 21 0.715850349273
1164 17 0.107298899696
1164 25 0.0619588167747
307 96 0.469311816719
307 57 0.327553343986
307 63 0.102599816576
1166 74 0.671503240438
1166 49 0.114707737628
1166 90 0.0876562707901
1167 56 0.669136822899
1167 57 0.156392392068
1167 93 0.0702073901735
664 72 0.78249531878
664 79 0.0620924706925
664 42 0.0429377871871
801 49 0.682853842908
801 57 0.268146157092
523 72 0.656228755544
523 57 0.142840438868
523 8 0.056085604958
1170 17 0.654966526986
1170 21 0.105923300063
1170 57 0.0841834115497
1171 15 0.51764855353
1171 63 0.112865008232
1171 67 0.0922531329287
1172 54 0.657798210514
1172 21 0.0997375736017
1172 72 0.0803898153337
1173 66 0.61568600332
1173 57 0.282122583527
1173 93 0.0648837208452
1174 66 0.58023547353
1174 65 0.0622849802762
1174 42 0.0593122398668
700 64 0.46978821881
700 42 0.224168351545
700 65 0.112944375697
1176 36 0.295609654757
1176 57 0.208986704591
1176 69 0.0935596320435
706 74 0.602775121887
706 57 0.215509274689
706 42 0.0801070408034
1178 54 0.663942221425
1178 13 0.0858342640283
1178 69 0.0625337709651
1179 6 0.315015106719
1179 57 0.148385580849
1179 50 0.125816324495
1180 70 0.702203532133
1180 57 0.199571877879
1180 11 0.0622986640623
1181 71 0.516603544065
1181 42 0.36387907259
1181 83 0.0925729389003
1182 13 0.429652134881
1182 49 0.1134601237
1182 29 0.09133294616
1183 16 0.364895932132
1183 85 0.336785902225
1183 19 0.191251460482
743 71 0.475870694916
743 57 0.129476110976
743 11 0.0778813730469
466 90 0.826458821813
466 40 0.0903420802646
466 72 0.0427824312555
1187 97 0.523073901202
1187 0 0.0926047023582
1187 57 0.0766643599802
767 32 0.562026116658
767 57 0.136293882892
767 86 0.0755320084407
979 16 0.651023732311
979 57 0.0888491197679
979 49 0.0780743345419
1189 18 0.9175
894 46 0.64196960488
894 72 0.187484002628
894 86 0.0846121997611
808 84 0.798808856975
808 81 0.119524476358
1191 25 0.40136826672
1191 59 0.0940760050863
1191 88 0.0890482755476
1192 78 0.435481993283
1192 57 0.203942871738
1192 88 0.100633225482
1193 1 0.52537145067
1193 57 0.138727302281
1193 13 0.104048907296
1194 3 0.408434129979
1194 72 0.124141093096
1194 87 0.118945484869
1195 31 0.93399999999
1196 45 0.32693079382
1196 42 0.157043653347
1196 86 0.148892624897
1197 49 0.444751673724
1197 57 0.17180282903
1197 72 0.126181968113
1199 60 0.419432158762
1199 54 0.130906015683
1199 49 0.111858580822
1200 65 0.499358736342
1200 59 0.124381501656
1200 42 0.105398620861
1201 30 0.835
421 42 0.826846189209
421 57 0.068893160951
421 73 0.0397021332387
640 87 0.830216446419
640 57 0.142561331358
1204 73 0.65384043722
1204 57 0.0915807560452
1204 49 0.051714379186
1118 62 0.551348415511
1118 57 0.107979206059
1118 42 0.0773756499424
1205 6 0.281151921627
1205 42 0.26238567789
1205 57 0.16007050026
550 36 0.72109438477
550 88 0.0906360822613
550 98 0.0681376258863
1207 57 0.332151829043
1207 97 0.172684077367
1207 72 0.113992100419
1208 82 0.216205471118
1208 9 0.202492589818
1208 2 0.157741269988
1210 45 0.704217386273
1210 47 0.139520430793
1210 57 0.107762182934
1211 60 0.199583794318
1211 71 0.0615033403493
1211 72 0.0511005845734
1212 91 0.750883051409
1212 50 0.104192333753
1212 69 0.0878657913081
1213 65 0.612094223068
1213 11 0.092004503852
1213 66 0.0817109361749
1214 32 0.628184582024
1214 13 0.140536598234
1214 57 0.108744336233
1215 97 0.437853174757
1215 57 0.13618027938
1215 54 0.0950240461548
508 59 0.652927108458
508 72 0.170147589215
508 83 0.116300302328
1216 57 0.435353855699
1216 27 0.254997348924
1216 98 0.174053836091
1217 58 0.491885763182
1217 57 0.165567222255
1217 49 0.162985166237
696 64 0.215319043283
696 57 0.136660029263
696 27 0.1320436096
103 96 0.440073373366
103 57 0.326718126037
103 90 0.0918260910819
1219 10 0.858571428511
1220 57 0.465562360507
1220 99 0.36518225086
1220 29 0.103068012376
982 6 0.929285714286
1222 47 0.379018505416
1222 57 0.360340980033
1222 50 0.127263064238
834 67 0.601711572794
834 4 0.141160275871
834 11 0.104357782159
1225 57 0.794051098025
1225 61 0.060255620789
1225 71 0.0433110744363
1226 75 0.263952013629
1226 57 0.0740717303145
1226 42 0.0676069847402
1227 30 0.527652800749
1227 93 0.124978548413
1227 98 0.0979138399496
1228 69 0.495524338976
1228 49 0.238723218268
1228 78 0.0863941659766
1229 90 0.625000208892
1229 13 0.111538282378
1229 32 0.0685376960287
1045 47 0.48248113296
1045 57 0.125786400627
1045 67 0.0612429558631
1035 69 0.858571428571
1232 47 0.89
1233 28 0.236544873587
1233 78 0.136950722707
1233 57 0.103045935719
1234 39 0.956956521739
1052 78 0.634500009186
1052 98 0.0882259415813
1052 19 0.0866620486028
1236 37 0.786110707047
1236 49 0.0549402295663
1236 83 0.0514327017113
1237 22 0.62617593236
1237 59 0.105663211291
1237 50 0.100353952193
1238 23 0.56482753413
1238 93 0.0959252690514
1238 57 0.0734965772381
1239 57 0.428670682862
1239 39 0.384177343047
1239 32 0.0733498764389
412 52 0.820286804775
412 86 0.0734231392056
412 19 0.0524011671308
633 63 0.45815677513
633 32 0.175579877828
633 57 0.121425272384
1243 11 0.629279441171
1243 57 0.127593916828
1243 32 0.0997712344294
1244 90 0.54197343815
1244 98 0.157756029596
1244 17 0.14248042875
1245 41 0.851521471431
1245 11 0.121256306347
1246 79 0.695660700963
1246 17 0.113106489849
1246 49 0.073821510815
1247 59 0.531884890196
1247 57 0.267349903949
1247 55 0.0777989252947
1248 13 0.365373552351
1248 57 0.11269079867
1248 19 0.0801198600424
1249 7 0.667085981137
1249 57 0.122550048512
1249 72 0.0806286566094
1049 57 0.291035832831
1049 43 0.190377039135
1049 59 0.170401468126
1251 71 0.628326777157
1251 67 0.0982086418809
1251 19 0.081275247554
1252 80 0.572214486003
1252 42 0.205849526292
1252 69 0.104468163703
1253 25 0.463673238546
1253 42 0.234057640128
1253 49 0.228566088099
1254 2 0.935585510742
1254 69 0.0355909598467
1255 30 0.417708730719
1255 42 0.219890149867
1255 48 0.0629972782802
32 28 0.719448463762
32 8 0.0875366321183
32 57 0.0873139952025
1257 5 0.793481436365
1257 57 0.159851896968
1258 65 0.665840715098
1258 72 0.124060181183
1258 57 0.0772890555274
1259 8 0.361814635056
1259 90 0.119758709121
1259 29 0.0918551547654
1262 40 0.317093972053
1262 49 0.135246129555
1262 74 0.095741732494
1263 37 0.548040003197
1263 57 0.107185845177
1263 86 0.100828429968
1264 69 0.35147673355
1264 59 0.162863761537
1264 54 0.05787152937
1265 94 0.509600519295
1265 93 0.161083428812
1265 49 0.112988493831
618 2 0.737762655665
618 49 0.154340002432
618 21 0.0732544847602
1268 86 0.678142691955
1268 13 0.110067826195
1268 32 0.0949174654059
1269 94 0.42988852908
1269 57 0.163755290727
1269 59 0.103303629865
1270 8 0.644144674194
1270 11 0.105993437847
1270 42 0.0924875535675
