1 963
2 626
3 17
4 808
5 494
233 122
7 132
8 641
10 405
11 216
12 215
13 14
15 740
91 493
17 73
19 743
744 95
20 538
156 34
21 771
24 113
25 195
26 739
27 310
972 953
29 234
30 149
31 187
34 252
35 296
36 350
37 285
40 549
226 742
234 558
43 218
44 53
45 512
853 128
186 936
47 440
891 373
803 743
51 261
54 751
1075 618
56 862
316 718
58 603
60 719
61 660
235 528
585 821
62 799
64 419
65 742
66 295
68 371
69 598
391 742
71 923
521 477
72 142
933 429
73 787
1014 786
74 857
75 121
127 742
1104 561
78 761
465 671
1010 450
82 157
83 506
84 203
85 686
86 280
87 409
88 816
89 255
90 892
16 743
93 742
94 292
95 401
96 389
97 180
99 909
100 540
101 523
102 925
104 328
105 926
106 556
107 105
108 203
109 253
204 210
242 188
629 360
112 870
363 772
113 620
645 104
652 633
117 276
118 562
1145 840
120 96
121 687
678 850
123 483
124 755
125 424
128 446
129 312
130 729
249 485
132 769
133 452
134 503
136 21
137 22
139 33
140 834
1163 743
142 707
143 822
144 246
145 549
146 819
147 359
149 599
150 206
859 159
152 853
153 203
154 938
155 742
657 757
157 958
159 742
28 924
161 141
162 322
18 491
164 670
166 742
167 587
168 656
49 39
170 99
171 279
172 40
173 319
174 448
756 46
176 90
177 252
178 242
1132 937
180 250
181 288
182 738
183 307
184 355
185 819
267 193
925 223
188 192
189 812
190 370
191 312
884 664
193 960
1129 252
194 819
195 402
196 126
197 208
198 58
199 854
67 326
1161 457
203 390
473 392
290 798
206 800
207 692
208 914
878 950
661 615
213 275
141 415
214 695
215 152
216 767
55 871
218 268
219 6
1256 114
221 465
222 297
223 685
224 458
225 291
6 470
227 742
229 584
230 68
231 734
1250 136
559 218
524 82
236 581
237 667
238 819
239 586
240 175
241 42
110 851
243 191
244 742
131 321
246 107
247 742
248 74
148 674
251 337
252 529
253 915
254 742
1091 742
256 167
257 251
259 845
260 888
261 843
479 125
263 505
264 783
265 300
883 30
731 348
961 245
1271 550
269 965
270 730
481 133
298 64
274 908
915 628
276 919
277 560
278 85
886 780
281 881
205 747
282 930
283 774
357 743
1160 696
372 868
217 534
286 84
287 212
1100 623
288 742
394 721
1148 742
291 135
292 889
293 819
294 852
295 555
296 596
454 443
888 339
827 475
273 321
300 32
301 743
303 151
304 110
305 725
306 613
1120 589
309 308
310 345
490 427
314 918
315 869
317 218
318 24
320 625
321 312
322 867
1008 654
324 951
325 742
326 742
327 366
328 743
59 510
329 547
1105 881
331 811
895 885
333 819
334 97
335 742
338 421
339 578
340 239
495 383
342 742
774 901
344 387
1109 748
346 736
347 638
348 218
48 45
350 363
351 643
983 219
63 477
284 742
358 601
359 381
360 922
361 87
832 486
92 921
364 498
354 374
854 222
367 644
368 516
582 764
687 408
371 321
285 642
554 243
374 940
376 681
502 473
378 844
379 205
380 742
382 140
383 511
384 171
385 527
386 565
387 946
388 260
389 875
694 680
390 823
81 147
825 168
393 959
395 659
396 170
397 743
398 725
907 635
400 275
401 900
402 743
403 599
404 742
405 864
406 838
599 174
409 12
410 688
411 742
1240 551
909 442
414 559
415 743
416 160
417 944
418 752
419 194
420 112
381 502
422 549
423 96
424 599
425 705
426 252
1067 218
427 479
428 283
429 354
430 218
431 101
432 599
433 902
1206 825
435 156
1141 204
437 203
438 724
33 168
440 872
441 928
442 481
443 305
444 218
445 765
702 330
447 635
448 610
449 275
450 735
451 466
452 599
514 563
297 742
455 168
456 841
457 571
458 218
459 760
460 81
462 742
463 743
870 524
158 631
468 221
469 272
470 418
471 582
472 209
38 606
474 548
475 203
476 398
477 178
1088 36
262 698
480 131
272 4
482 60
483 673
484 281
486 828
487 817
488 732
489 120
311 449
491 111
492 627
493 904
341 103
496 881
352 608
498 404
499 742
500 186
501 51
377 714
503 967
504 712
505 742
506 513
507 218
993 819
1267 382
510 508
511 728
513 591
453 217
515 218
516 238
517 203
518 677
519 639
520 797
536 777
522 488
975 248
526 856
738 646
528 758
529 742
530 467
531 13
532 566
533 887
535 69
527 218
537 249
958 890
539 482
605 743
542 259
1266 599
926 737
545 375
163 660
169 218
547 15
549 202
674 10
551 557
552 480
553 794
555 100
556 530
557 436
720 715
593 455
560 492
561 324
562 344
563 743
564 229
565 650
566 240
567 83
568 271
570 218
571 883
794 713
573 544
574 742
819 420
576 218
175 31
578 717
1134 962
580 376
581 742
614 388
583 744
584 7
955 185
586 267
587 393
588 274
589 47
590 27
591 294
592 784
1053 168
594 31
595 108
596 106
362 564
597 912
220 158
598 377
989 743
601 743
602 102
603 490
604 943
540 321
606 742
607 273
608 54
609 456
610 71
611 807
612 203
613 818
1074 451
615 848
616 743
617 652
619 432
332 312
620 92
621 20
622 742
1152 710
79 347
1114 312
626 317
289 165
1203 896
999 802
111 148
630 877
631 536
632 546
119 522
634 263
343 942
635 445
636 161
77 411
638 527
639 472
39 430
641 704
642 220
23 593
644 819
114 336
646 648
647 672
648 577
649 262
650 252
651 454
534 954
116 76
653 697
1165 287
654 16
655 476
656 231
98 666
323 573
658 312
659 118
660 146
212 873
663 298
1168 754
665 391
666 468
667 567
668 580
1169 595
266 247
670 459
671 166
672 809
673 203
299 570
675 77
676 172
122 124
679 785
681 196
336 235
683 26
684 385
685 203
686 742
165 718
688 961
689 743
690 316
691 676
692 12
693 252
837 38
695 655
962 181
697 11
698 361
699 884
1175 810
701 893
446 952
703 143
704 742
705 232
1177 321
707 48
1136 742
625 886
709 368
710 59
711 182
126 311
712 846
713 653
714 590
715 878
716 957
718 813
719 966
558 203
721 770
722 332
349 301
723 189
724 742
725 416
726 602
727 835
728 198
729 634
730 284
759 325
627 832
732 423
733 706
734 338
735 742
736 216
737 551
624 67
740 218
741 727
742 881
745 583
746 699
747 438
749 617
750 236
751 91
752 88
753 604
754 123
755 61
1185 163
525 675
757 579
758 265
1087 403
760 412
761 768
762 176
986 594
763 763
764 299
765 793
813 379
1188 836
973 815
365 229
769 190
770 18
771 37
772 837
773 25
940 694
775 766
776 139
777 630
778 94
779 722
781 742
782 384
783 552
784 269
785 917
786 690
787 8
788 521
789 616
790 750
76 609
780 343
792 117
793 264
795 742
255 476
997 89
797 789
434 597
799 572
800 910
623 742
1041 866
628 302
804 898
1051 413
806 743
807 207
1190 612
809 683
810 931
766 309
814 726
816 743
817 32
1125 801
643 203
820 254
41 607
821 742
822 226
823 429
824 775
826 497
577 218
1040 949
828 218
829 323
830 819
831 533
356 806
833 611
1223 214
835 52
836 197
579 302
840 3
841 225
842 321
843 224
845 312
846 881
847 916
848 742
849 203
850 899
851 743
852 321
46 439
366 29
855 716
856 668
798 321
857 426
858 127
151 791
860 43
861 792
862 682
369 199
867 228
868 525
869 396
871 461
872 256
873 881
874 474
875 795
876 632
877 218
210 605
879 129
232 168
881 742
882 168
985 444
268 934
885 742
279 428
887 880
818 329
889 831
892 35
893 86
373 742
896 551
897 782
898 218
899 63
900 173
901 532
902 842
903 237
904 358
905 341
906 773
399 742
908 742
910 227
911 545
748 44
913 569
914 742
467 289
916 731
917 252
918 542
919 968
920 400
921 708
922 346
923 370
924 233
543 447
927 526
930 742
931 568
932 927
509 911
934 495
935 819
662 200
937 776
938 742
939 745
941 92
942 453
637 49
944 669
945 72
946 733
947 541
948 399
436 805
950 621
951 554
952 464
912 592
953 437
708 588
956 827
957 645
275 779
959 955
739 781
669 414
1218 905
963 168
965 417
967 742
968 218
969 79
970 661
971 788
974 576
976 829
977 41
978 814
1025 535
980 153
981 144
1221 574
984 230
485 496
987 441
988 678
1073 947
600 259
990 476
936 252
991 964
992 203
994 742
160 665
995 312
996 2
796 903
998 742
1000 270
1001 881
1002 403
1003 258
1004 23
1006 75
1090 855
1009 737
1011 693
1012 137
1013 257
1007 57
1015 177
812 31
1017 286
1018 28
1019 334
1077 183
1021 266
1022 378
1023 211
1024 507
1026 599
1027 553
1029 658
209 956
1031 109
1033 213
1231 826
512 651
1037 313
1038 743
1039 218
1042 487
50 462
1043 622
1044 352
1230 803
1046 356
1047 306
1048 31
494 314
1050 743
805 882
1154 9
1054 709
1055 847
1056 293
1057 320
1058 275
1059 662
1061 753
392 515
1063 425
1064 484
1065 1
1066 179
187 380
1068 600
1069 804
1070 277
1071 945
1072 551
375 203
1242 749
1076 820
1020 331
1078 517
1080 469
1081 743
1082 372
1083 116
1084 70
1085 933
1241 863
1092 394
1093 531
1094 218
1095 636
330 407
1097 663
1099 119
1079 723
407 519
1102 520
1103 150
271 614
1106 929
1107 585
1108 406
345 649
1110 619
1111 894
1112 395
370 849
1115 351
1116 575
1117 499
863 876
1119 539
337 759
1121 130
1122 742
1142 879
1123 543
1124 501
1126 435
1030 824
1128 913
135 689
1130 509
1131 743
844 532
1133 386
1034 315
1151 489
1135 743
1137 168
1138 640
1139 93
1016 702
1140 742
541 700
1144 743
548 241
1147 701
1149 737
1150 203
572 839
1153 657
200 762
1155 134
1156 907
1157 78
1158 932
1036 340
202 321
1162 463
1260 711
1164 504
307 741
1166 5
1167 860
664 679
801 321
523 362
1170 50
1171 312
1172 666
1173 691
1174 833
700 858
1176 647
706 66
1178 244
1179 333
1180 335
1181 742
1182 830
1183 303
743 278
466 790
1187 252
767 948
979 169
1189 62
894 65
808 357
1191 906
1192 98
1193 778
1194 138
1195 145
1196 859
1197 897
1199 282
1200 861
1201 434
421 184
640 756
1204 410
1118 478
1205 290
550 720
1207 367
1208 364
1210 460
1211 164
1212 895
1213 203
1214 304
1215 55
508 365
1216 865
1217 476
696 746
103 920
1219 342
1220 703
982 684
1222 201
834 742
1225 743
1226 397
1227 742
1228 218
1229 327
1045 743
1035 514
1232 819
1233 939
1234 537
1052 874
1236 422
1237 629
1238 318
1239 500
412 154
633 349
1243 796
1244 431
1245 66
1246 599
1247 369
1248 56
1249 637
1049 935
1251 881
1252 471
1253 162
1254 370
1255 353
32 115
1257 624
1258 155
1259 891
1262 80
1263 742
1264 19
1265 742
618 433
1268 518
1269 511
1270 941
