0 18
1 58
2 23
3 5
4 57
5 40
233 23
7 18
8 28
10 8
11 8
12 58
13 4
15 36
91 8
17 7
19 22
744 8
20 15
156 43
21 26
24 23
25 28
26 38
27 52
972 38
29 40
30 11
31 49
34 48
35 39
36 55
37 38
40 57
226 40
234 28
43 28
44 52
45 14
853 38
186 48
47 25
891 50
803 37
51 50
54 23
1075 26
56 26
316 20
58 48
60 2
61 49
235 1
585 25
62 23
64 1
65 20
66 48
68 20
69 48
391 46
71 47
521 57
72 38
933 5
73 31
1014 50
74 28
75 52
127 38
1104 20
78 5
465 38
1010 25
82 50
83 38
84 14
85 8
86 20
87 8
88 4
89 55
90 15
16 28
93 52
94 23
95 23
96 14
97 16
99 51
100 7
101 12
102 8
104 7
105 32
106 14
107 20
108 39
109 54
204 2
242 38
629 57
112 18
363 27
113 57
645 3
652 34
117 15
118 7
1145 7
120 50
121 18
678 30
123 23
124 49
125 8
128 5
129 40
130 44
249 39
132 23
133 14
134 23
136 8
137 52
139 51
140 3
1163 38
142 38
143 6
144 20
145 23
146 51
147 14
149 28
150 28
859 38
152 57
153 28
154 8
155 58
657 52
157 5
159 28
28 31
161 16
162 18
18 11
164 14
166 47
167 7
168 21
49 23
170 2
171 6
172 14
173 8
174 28
756 38
176 38
177 48
178 6
1132 18
180 25
181 23
182 25
183 7
184 50
185 20
267 14
925 7
188 7
189 52
190 28
191 6
884 48
193 23
1129 48
194 14
195 20
196 8
197 7
198 53
199 18
67 56
1161 2
203 52
473 11
290 23
206 8
207 26
208 6
878 46
661 22
213 37
141 45
214 28
215 7
216 53
55 6
218 18
219 0
1256 14
221 48
222 20
223 8
224 50
225 46
6 54
227 11
229 19
230 7
231 28
1250 44
559 26
524 46
236 40
237 1
238 38
239 25
240 4
241 7
110 1
243 48
244 14
131 1
246 46
247 31
248 8
148 8
251 6
252 57
253 29
254 42
1091 40
256 57
257 6
259 15
260 26
261 50
479 14
263 12
264 20
265 39
883 1
731 40
961 46
1271 0
269 50
270 55
481 14
298 51
274 49
915 38
276 39
277 53
278 39
886 22
281 53
205 45
282 20
283 40
357 20
1160 57
372 38
217 0
286 22
287 3
1100 1
288 40
394 55
1148 2
291 45
292 26
293 20
294 6
295 18
296 6
454 18
888 46
827 14
273 37
300 1
301 20
303 39
304 7
305 20
306 14
1120 6
309 17
310 48
490 14
314 8
315 38
317 8
318 2
320 23
321 20
322 9
1008 38
324 38
325 57
326 16
327 5
328 29
59 34
329 7
1105 38
331 15
895 50
333 5
334 32
335 28
338 12
339 48
340 39
495 14
342 38
774 39
344 1
1109 38
346 38
347 9
348 57
48 6
350 8
351 40
983 38
63 8
284 57
358 30
359 48
360 4
361 56
832 57
92 7
364 22
354 38
854 55
367 38
368 6
582 12
687 28
1113 6
371 18
285 31
554 27
374 8
376 18
502 20
378 18
379 28
380 57
382 3
383 20
384 38
385 39
386 7
387 20
388 1
389 38
694 34
390 38
81 1
825 18
393 28
395 56
396 33
397 28
398 20
907 20
400 38
401 50
402 28
403 9
404 49
405 38
406 38
599 28
409 44
410 9
411 20
1240 3
909 20
414 2
415 53
416 48
417 7
418 13
419 22
420 8
381 8
422 23
423 39
424 53
425 38
426 46
1067 18
427 39
428 12
429 14
430 20
431 6
432 49
433 57
1206 39
435 40
1141 46
437 26
438 38
33 25
440 8
441 55
442 57
443 52
444 11
445 57
702 44
447 20
448 32
449 26
450 28
451 38
452 16
514 51
297 26
455 25
456 29
457 27
458 38
459 1
460 43
462 6
463 11
870 7
158 5
468 38
469 18
470 18
471 53
472 38
38 48
474 8
475 14
476 39
477 23
1088 8
262 48
480 33
272 38
482 5
483 20
484 38
486 14
487 56
488 14
489 20
311 40
491 48
492 22
493 25
341 7
496 23
352 7
498 19
499 58
500 8
501 8
377 47
503 7
504 51
505 58
506 21
507 38
993 57
1267 15
510 23
511 38
513 10
453 14
515 11
516 20
517 14
518 23
519 8
520 25
536 28
522 28
975 6
526 5
738 11
528 20
529 8
530 8
531 38
532 23
533 5
535 52
527 29
537 47
958 12
539 54
605 20
542 34
1266 23
926 53
544 8
545 7
163 40
169 3
547 48
549 8
674 46
551 18
552 23
553 58
555 11
556 16
557 20
720 37
593 38
560 35
561 58
562 41
563 28
564 30
565 6
566 14
567 3
568 6
570 38
571 23
794 49
573 7
574 58
819 35
576 6
175 47
578 14
1134 14
580 50
581 38
614 14
583 55
584 47
955 50
586 38
587 54
588 18
589 7
590 50
591 14
592 46
1053 52
594 43
595 1
596 14
362 7
597 7
220 43
598 55
989 28
601 8
602 8
603 48
604 24
540 28
606 20
607 38
608 33
609 1
610 23
611 56
612 8
613 12
1074 38
615 48
616 40
617 33
619 52
332 8
620 8
621 5
622 37
1152 11
79 26
1114 23
626 26
289 49
1203 7
999 32
111 7
630 9
631 20
632 12
119 20
634 52
343 31
635 1
636 7
77 21
638 39
639 11
39 38
641 37
642 52
23 54
644 7
114 28
646 8
647 31
648 48
649 3
650 5
651 54
534 47
116 14
653 25
1165 46
654 57
655 8
656 48
98 37
323 1
658 9
659 2
660 7
212 8
663 38
1168 2
665 36
666 8
667 8
668 55
1169 15
949 20
266 39
670 48
671 12
672 28
673 14
299 7
675 52
676 25
122 22
679 38
681 48
336 14
683 7
684 20
685 28
686 20
165 20
688 10
689 37
690 10
691 23
692 20
693 14
837 10
695 29
962 36
697 50
698 14
699 49
1175 23
701 53
446 14
703 28
704 10
705 18
1177 58
707 8
1136 57
625 6
709 6
710 32
711 48
126 25
712 57
713 6
714 48
715 28
716 23
717 6
718 48
719 28
558 8
721 20
722 14
349 20
723 26
724 37
725 20
726 46
727 58
728 50
729 38
730 54
759 50
627 55
732 40
733 6
734 25
735 48
736 29
737 6
624 10
740 20
741 20
742 52
745 25
746 46
747 23
749 14
750 52
751 20
752 18
753 20
754 57
755 38
1185 14
525 46
757 16
758 7
1087 20
760 8
761 23
762 6
986 57
763 23
764 42
765 14
813 38
1188 6
973 51
365 30
769 43
770 20
771 1
772 50
773 29
940 15
775 28
776 48
777 30
778 48
779 22
781 14
782 23
783 27
784 48
785 52
786 26
787 35
788 58
789 6
790 50
76 28
780 36
792 14
793 38
795 14
255 8
997 55
797 52
434 7
799 20
800 20
623 28
1041 8
628 39
804 29
1051 40
806 52
807 49
1190 18
809 58
810 57
766 18
814 52
816 21
817 7
1125 28
643 29
820 6
41 48
821 37
822 8
823 22
824 45
826 18
577 57
1040 8
828 20
829 5
830 38
831 49
356 57
833 57
1223 52
835 8
836 33
579 50
840 54
841 57
842 20
843 46
845 20
846 40
847 28
848 6
849 29
850 38
851 6
852 20
46 7
366 38
855 23
856 48
798 20
857 55
858 32
151 57
860 5
861 58
862 2
864 18
369 6
867 7
868 48
869 38
871 38
872 7
873 11
874 12
875 32
876 50
877 20
210 48
879 30
232 18
881 47
882 25
985 15
268 33
885 20
279 51
887 51
818 52
889 23
892 52
893 7
373 28
896 38
897 43
898 6
899 14
900 50
901 7
902 39
903 46
904 57
905 14
906 8
399 40
908 9
413 40
910 38
911 37
748 7
913 32
914 8
467 38
916 52
917 6
918 7
919 16
920 14
921 14
922 58
923 14
924 20
543 52
927 52
930 49
931 23
932 38
509 3
934 1
935 8
662 7
937 38
938 53
939 50
941 8
942 20
637 11
944 23
945 36
946 48
947 52
948 14
436 20
950 57
951 30
952 58
912 52
953 8
708 23
956 53
957 8
275 38
959 26
739 7
669 47
1218 28
963 25
965 36
967 23
968 52
969 39
970 47
971 52
974 6
976 37
977 6
978 7
1025 48
980 46
981 28
1221 23
984 29
485 38
987 18
988 23
1073 34
600 7
990 8
936 48
991 33
992 3
994 47
160 37
995 16
996 20
796 50
998 6
1000 6
1001 53
1002 20
1003 38
1004 6
1006 8
1090 23
1009 38
1011 28
1012 23
1013 6
1007 7
1015 52
812 53
1017 28
1018 28
1019 39
1077 14
1021 25
1022 52
1023 52
1024 14
1026 14
1027 52
1029 38
209 45
1031 20
1033 2
1231 20
512 7
1037 11
1038 7
1039 6
1042 20
50 23
1043 2
1044 46
1230 20
1046 14
1047 48
1048 2
494 38
1050 15
805 45
1154 48
1054 1
1055 14
1056 6
1057 37
1058 38
1059 54
1061 33
392 8
1063 8
1064 20
1065 54
1066 3
187 38
1068 14
1069 8
1070 11
1071 20
1072 6
375 11
1242 8
1076 23
1020 38
1078 35
1080 7
1081 20
1082 47
1083 38
1084 8
1085 2
1086 8
1241 57
1092 23
1093 18
1094 20
1095 35
330 48
1097 55
1099 38
1079 23
407 38
1102 15
1103 57
271 8
1106 2
1107 6
1108 38
345 32
1110 38
1111 40
1112 2
370 8
1115 38
1116 2
1117 32
863 23
1119 19
337 7
1121 18
1122 6
1142 1
1123 21
1124 23
1126 26
1030 6
1128 45
135 36
1130 1
1131 52
844 49
1133 52
1034 20
1151 5
1135 7
1137 25
1138 14
1139 51
1016 36
1140 38
541 38
1144 28
548 8
1147 30
1149 38
1150 8
572 52
1153 57
200 3
1155 6
1156 48
1157 48
1158 18
1036 36
202 20
1162 14
1260 23
1164 23
307 39
1166 49
1167 1
664 48
801 57
523 19
1170 39
1171 48
1172 28
1173 4
1174 7
700 7
1176 14
706 38
1178 20
1179 1
1180 7
1181 14
1182 20
1183 34
743 8
466 20
1187 48
767 45
979 43
1189 46
894 39
808 48
1191 22
1192 12
1193 52
1194 33
1195 8
1196 23
1197 38
1199 0
1200 38
1201 20
421 14
640 38
1204 48
1118 41
1205 7
550 37
1207 6
1208 20
1210 45
1211 57
1212 38
1213 6
1214 28
1215 5
508 51
1216 7
1217 8
696 7
103 38
1219 49
1220 14
982 55
1222 28
834 3
1225 9
1226 45
1227 8
1228 20
1229 38
1045 28
1035 55
1232 48
1233 1
1234 28
1052 52
1236 10
1237 15
1238 48
1239 52
412 57
633 5
1243 3
1244 1
1245 38
1246 9
1247 48
1248 34
1249 8
1049 28
1251 48
1252 47
1253 38
1254 14
1255 38
32 38
1257 18
1258 48
1259 20
1262 49
1263 10
1264 51
1265 20
618 48
1268 52
1269 20
1270 11
